00089030202003600034980       001
00089030302003600038940       001
00089030402001440042500       001
00074445201005000135000       001
00074442701005000060000       001
00013113691002880150000       001
00013116683002880175000       001
00013114694002880033000       001
00013115679002880057000       001
00013108691002880079000       001
00013111683002880200000       001
00013109694002880033000       001
00013110679002880055000       001
00074150005003600058130       001
00074195701003600224000       001
00074195601001440120000       001
00074195501003600100000       001
00074434673003600030820       001
00074592101001440015250       001
00074592201003600017940       001
00074299103001440100600       001
00074407202003600173650       001
00074585505003600089750       001
00074108803001440075000       001
00074585503001440079000       001
00074109003001440092000       001
00074712207001440380160       001
00007313505003600178500       001
00007313705003600028350       001
00007313016001440052000       001
00007313116003600029920       001
00074737601003600171650       001
00074737901003600196500       001
00074491134002880033600       001
00074491034002880033600       001
00074427201001440014670       001
00074427301003600016720       001
00074116401001440014630       001
00074115901001440049000       001
00074115801001440011500       001
00074116201001440050700       001
00074116202001440048000       001
00074116301001440076020       001
00074116501001440056000       001
00074115902001440048750       001
00074116001003600076270       001
00074361301003600021470       001
00074904201003600026120       001
00074904202001440030510       001
00074904501003600023090       001
00074118401003600013000       001
00074473203001440085950       001
00074311831003600074620       001
00074405101001440110000       001
00074409201002880018000       001
00074793002003600157920       001
00074408902001440030600       001
00074792609001440063170       001
00074793309003600080000       001
00074149401003600074100       001
00074792337003600120500       001
00074710002003600091580       001
00074792336003600119750       001
00074792402003600091000       001
00074792503003600091000       001
00074792602003600091000       001
00074792603003600091000       001
00074153603003600088000       001
00074664802002400016000       001
00074490222002400030450       001
00074490234002400032300       001
00074234401001440003750       001
00074234402001440051870       001
00074202554003600060800       001
00074780822003600131750       001
00074426501003600050200       001
00074910420003600024400       001
00074780922001440166480       001
00074910518003600042560       001
00074426618003600043150       001
00074582010003600013400       001
00074940601003600092300       001
00074940602003600149050       001
00074307331001440035000       001
00074492134002400033400       001
00074724101001440009900       001
00074648101003600043000       001
00074647844002400046360       001
00074647644001800027410       001
00074636502003600041300       001
00074634205001200047770       001
00074648201001200024230       001
00074406558002880210000       001
00074610211003600019200       001
00074610110002880029930       001
00074610102002880011700       001
00074610202002880011800       001
00074610204002880011000       001
00074610104002880016200       001
00074340001001440040590       001
00074340101001440041500       001
00074128101001200029680       001
00074128125001200035460       001
00074128023001440030000       001
00074128021001440049860       001
00074128031001200042960       001
00074128132001200042960       001
00074115270002880011500       001
00074115178001440014850       001
00074779362001440107080       001
00074128001001440028120       001
00074115170003600010600       001
00074115278002880016500       001
00074724803004800451870       001
00074737262003600051070       001
00074737303003600065900       001
00074141005006000100000       001
00074144304001440077000       001
00074427601001440011400       001
00074427902002880012350       001
00074428201002880010000       001
00074427702002880013750       001
00074490434003600030600       001
00074793132003600079700       001
00074793124003600191350       001
00074317803001440055200       001
00074317802001440042600       001
00074318202001440062200       001
00074427501001440054040       001
00074427602001440014800       001
00074490334001440029000       001
00074428301001440040000       001
00074492415003600029640       001
00074978601002880129350       001
00074978603002880096000       001
00074979301003600191150       001
00074978903002880165000       001
00074979003003600192000       001
00074979103001440255000       001
00074100101003600077640       001
00074672923003600119420       001
00074216801003600023450       001
00074216802003600033750       001
00074216803003600070000       001
00074673013003600120000       001
00074409101003600019200       001
00074403101001800025000       001
00074771502003600455000       001
00074155910006000018500       001
00074155950006000020000       001
00074158750012000002900       001
00074174610006000021000       001
00074174630006000033000       001
00074175250006000005500       001
00024122202006000033750       001
00074156010006000018500       001
00074156030006000017250       001
00074156029006000014900       001
00074174929006000028000       001
00074161050024000002750       001
00074174910006000021000       001
00074174930006000029210       001
00074175550006000006200       001
00074158210006000020500       001
00074158229006000035000       001
00074158230006000027690       001
00074175030006000020000       001
00074176102006000022470       001
00074603004003600115900       001
00074341401003600055650       001
00074341301001440042000       001
00074781124002880081160       001
00074781137001440220000       001
00074146301002880006350       001
00074121901003600057350       001
00074121201006000008000       001
00074180001003600153500       001
00013560693002880053000       001
00013563670002880216650       001
00013561693002880090000       001
00013564670002880433190       001
00013562693002880190000       001
00074372301003600027200       001
00074410701003600017550       001
00074410401003600032400       001
00074302401024000002900       001
00074704101001440095360       001
00074454801001440052920       001
00074131701001440033770       001
00074131702001440038500       001
00074186301006000021500       001
00074187202003000040750       001
00074187405003000052500       001
00074184602003000105000       001
00074186602003000040500       001
00074329406003600097250       001
00074818301002880022400       001
00074329451003600051400       001
00074663501001440010690       001
00074665106001440009000       001
00074493201003600048250       001
00074663601002880010750       001
00074665305002400010500       001
00074499419003600036000       001
00074420101003600123500       001
00074729601003600015950       001
00074729501002880014500       001
00074149901001440090950       001
00074182602003600037000       001
00074190201001440021620       001
00074190301001440022400       001
00074195304003600027950       001
00074192304003600027950       001
00024188022003600023250       001
00074329906003600070000       001
00074329905002880055000       001
00074729901002880012750       001
00074662502002880015750       001
00074491622003000032130       001
00074490018002400040000       001
00074663734003000034740       001
00074491634003000035730       001
00074490034003600046250       001
00074488899001440024400       001
00074488810006000006800       001
00074181222002880035700       001
00074488820003600009100       001
00074181223001440028140       001
00074488850001440018500       001
00074181225001440028140       001
00074713202003600075000       001
00074773020003600150000       001
00074798437001440119230       001
00074191833003600026530       001
00074158401001440060000       001
00074710102001440083900       001
00074710113001440115000       001
00074191835003600026530       001
00074113002001440055000       001
00074196607006000008900       001
00074798502003600070000       001
00074739172001440024230       001
00074357701001440066000       001
00074359002001440093280       001
00074357801001440106040       001
00074329606001440164200       001
00074577901002880074000       001
00074329706001440165000       001
00074329806001440158000       001
00074384401002880068000       001
00074653301001800057500       001
00074653501001440095000       001
00074433201000720026250       001
00074653401001440052830       001
00074650901006000026900       001
00074401101001440003200       001
00074198202001440021200       001
00074114401002880003100       001
00013745686002880176360       001
00013746686002880352770       001
00074915701000240053000       001
00074915801000240099750       001
00074488799001440026000       001
00074488710003600007250       001
00074488720002400014400       001
00074488750001440016450       001
17478021612001440003630       001
17478020012001440004080       001
17478024035001440003030       001
17478023910001440003990       001
17478006012001440001880       001
17478006235001440002440       001
17478028310001440001430       001
17478006112001440003380       001
17478006335001440002900       001
00065039605000120013100       001
00998020615024000013800       001
08065183905005000094500       001
00023081799001760012890       001
11980021115007200041960       001
11980011705000360004500       001
00517040125000360008800       001
00517101025000360008800       001
00517881001000360013500       001
00517150225000360026350       001
00517013001000360002050       001
00517857510000360134190       001
00517490525000360012350       001
00517493025000360041070       001
00517490125000360008240       001
00517190525000360014380       001
00517180525000360009410       001
00517130525000360024410       001
00517107125000360042790       001
00517571025000360018630       001
00517570225000360009350       001
00517570425000360010290       001
00517560225000360008240       001
00517420125000360008250       001
00517560125000360008240       001
00517206405000360016420       001
00517260225000360008240       001
00517890501000360007060       001
00517031010000360048610       001
00517030110000360034090       001
00517306501000360067760       001
00517620225000360032860       001
00517820125000360023620       001
00517003310000360005880       001
00517003410000360005880       001
00517480510000360007350       001
00517481010000360045000       001
00517401001000360005590       001
00517230525000360012060       001
00517280225000360008240       001
00517340525000360012940       001
00517300525000360007540       001
00517051025000360042450       001
00517102025000360039380       001
00517540205000360003530       001
00517540405000360004700       001
63323024601000480011000       001
63323023401000240011000       001
00469031150000480042000       001
00469031110000480018000       001
63323023861000120220000       001
63323016505000480020000       001
63323016530000480006750       001
63323016501000480012500       001
00469100161000480165000       001
63323088330000480043500       001
63323013010000480032000       001
63323000130000480017000       001
63323000105000480012450       001
63323027205000480017500       001
00469184030000480008940       001
63323003810000480047000       001
63323054501000480008500       001
00469170030000480040000       001
00469504201000480017500       001
63323005102000120012750       001
63323024710000480009000       001
63323024810000480009000       001
63323020805000480024080       001
00469090040000120075000       001
06332314640000480073000       001
00469146060000480120000       001
06332306402000480010000       001
00469810031000480020000       001
00469980030000480080000       001
00469940000000480023000       001
63323008110000480060000       001
00469180030000480042000       001
63323002801000480031500       001
00469200030000480200000       001
63323004205000480061170       001
63323042525001440042000       001
00469011310000480225000       001
00469096505000480011500       001
00469096510000480010150       001
63323022905000480035000       001
63323018602000480010000       001
00469118725007200018500       001
63323022110000480105000       001
63323029561000480042000       001
63323027810000480018000       001
00469018515003360012000       001
00338107302000080430000       001
00338049102004800110000       001
00338049103004800199000       001
00026063601004800125450       001
00026063605000480576100       001
00026063101006000085000       001
00026063401024000080000       001
00193280221000120008330       001
00193288250000120008000       001
00193288050000240006720       001
00193216121000960045180       001
55539005301002880011000       001
55390005110002880028750       001
55390088010002880007000       001
55390010710002880005400       001
00015564820002880049000       001
00015564520002880165000       001
00015564620002880180000       001
00015564420002880308000       001
59772617502009600003220       001
59772617501009600003220       001
62269021124003600009550       001
62269021129003600045000       001
00015301520002400108820       001
00015302320002400125000       001
00015302020002400064500       001
00015710028012000060000       001
00015740436012000012750       001
00015740420018000006000       001
00015740220012000004550       001
00015740518012000015350       001
00015740528012000018000       001
00015740520012000009900       001
00015740331012000011500       001
00015740320024000004400       001
00015740418012000012000       001
00015740120012000005100       001
62269020824003600002750       001
62269020924003600003000       001
62269020930003600021000       001
62269021030003600024500       001
62269021024003600003750       001
00015301020001440188000       001
00015306301000720386000       001
59772704501003600001950       001
59772704701003600002550       001
59772749004002400017500       001
59772749002002400006750       001
59772749703002400012750       001
59772749701002400006250       001
59772749104001440042000       001
59772749204002400020000       001
59772749202002400010000       001
59772749303002400024000       001
59772749301002400012000       001
59772749404001440090000       001
00015734639007200120000       001
00015733912003000015250       001
00015733812002160008600       001
00003074950003600006400       001
00003074960003600027000       001
00003087450003600010700       001
00003087460003600049000       001
59772022903003600009120       001
59772022905003600031000       001
59772023003003600010000       001
59772023007003600038000       001
00015053941003600040550       001
00015054841001800075000       001
00015054641002160046650       001
00015054941001440172800       001
00015054741001800088800       001
00087079641000240408020       001
00015604811003600011200       001
00003585002001200014500       001
00003525004001800032000       001
00003525002002400004100       001
00003525003001200017500       001
00003555004001200057000       001
00003555002001440006250       001
00003555003002400031000       001
00003577002001800009000       001
00003577003001200042500       001
00087075601024000057140       001
59772002503000960008200       001
59772002603003600010400       001
59772002604000960041500       001
59772002703000960018000       001
59772002704000960097500       001
00003043730024000004990       001
62269032029001440044000       001
62269032060001440006000       001
62269029224003600006850       001
63369029229003600026000       001
00003083050024000061000       001
62269025024002880045660       001
62269025029002880206500       001
62269024624000960004650       001
62269024630000960045000       001
62269024724000960005700       001
62269024730000960058000       001
00087076101005760030030       001
00015350320000360021000       001
00015350220002780015750       001
00003092328024000035500       001
00003029305072000004670       001
00003029320024000023500       001
00015059501000600024000       001
00015059641006000045000       001
00015059646000480130000       001
00015059645000480250000       001
62269026324003600008000       001
62269026329002880040500       001
59772369305003600046000       001
62269369302003600005250       001
59772369202003600004250       001
59772369205003600031000       001
00087057201003600008850       001
00087057202003600020500       001
00087057203003600023750       001
00087057003003600009250       001
00087057009003600026000       001
00087057007003600026000       001
00015300220000100180000       001
00015305920002880482350       001
00015300120002880075000       001
59772246403001440639000       001
59772246401000960065000       001
59772246501000960075000       001
59772246101001800010000       001
59772246203000480245000       001
59772246201001800015000       001
59772246303000240300000       001
59772246301001800020000       001
00015710128012000095000       001
00015722518012000015750       001
00015719528012000016000       001
00015722520012000011000       001
00015722618012000035000       001
00015719628012000035000       001
00015722620012000016950       001
00015722420012000008750       001
00015710328002880140000       001
00015798189006000016000       001
00015798128006000016000       001
00015798199006000016000       001
00015797028001440025000       001
00015797018006000030000       001
00015797020006000023000       001
00015797920006000009500       001
00003096961003600001590       001
00003097252003600001400       001
00003097261003600002360       001
62269027624003600038500       001
62269027524003600012750       001
00003056915004800075000       001
00015335222001440061250       001
00015335322001440112000       001
00003272530002000033000       001
00003272510005000058000       001
62269028124002880024000       001
00003173740003600001090       001
00003173745003600001320       001
00003173840007200001500       001
00003173845007200001790       001
00003173830007200001440       001
00003010150007200008000       001
00003010160007200018000       001
00015010955007200007500       001
00003010960007200027000       001
00003095015000480047000       001
00003011550003600002220       001
00003011575003600017280       001
00003011650003600003970       001
00003011675003600031000       001
00015309520002880014750       001
00015308420002880020000       001
00015306220002880135000       001
00015306120002880069000       001
59772038707001440057110       001
59772035207001440034400       001
59772036407001440037020       001
59772036307001440035900       001
59772036907001440037280       001
59772037707001440037540       001
59772038607001440055070       001
79649924030002880003800       001
61772060081001500115000       001
61772059051001500062000       001
61772059081001500096000       001
58768061010000120038740       001
00086006210000240048640       001
00066006960001560071940       001
00066007131002040041540       001
00066002825001800029960       001
49502018200006000042000       001
49502069703024000006510       001
49502069733024000008670       001
49502069760024000015620       001
49502030317048000002870       001
49502030327006000002900       001
49502068912006000034170       001
49502068902006000017070       001
49502068503024000014920       001
49502068560024000036600       001
49502067803024000007070       001
49502067603024000007070       001
49502082003006000011340       001
49502082005006000011340       001
49502083003024000008040       001
49502083005024000008040       001
49502064115006000035240       001
49502064015006000035240       001
49502083015006000006160       001
49502043101006000003190       001
49502043201006000005000       001
49502043205006000022290       001
49502043301006000049040       001
49502043305006000006630       001
49502043310006000027110       001
49502081005006000011450       001
51285060105001440050000       001
51285060102001440006000       001
51285060202001440011100       001
51285060204001440051900       001
51285036402006000019510       001
51285029302006000021000       001
51285050102007200005200       001
51285050202007200008250       001
51285050402007200010200       001
51285087502004200015000       001
51285087602004200018000       001
51285041702007200010200       001
51285042002007200011200       001
51285030102007200015800       001
51285030121009600003500       001
51285058502006000005000       001
51285040102001440018000       001
51285071757001440009000       001
51285082502007200007100       001
00056017475015760068920       001
00056018875007100047660       001
00056016875012760047790       001
00056018975006000064210       001
00056017375010000066440       001
00590043310000700016200       001
61703021701002880040000       001
61703020331002880090000       001
61703020304002880012000       001
61703020431002880085000       001
61703020404002880015000       001
61703031121002880300000       001
61703031143002880600000       001
61703040123002880060000       001
61703040151002880300000       001
61703020207002880400000       001
61703020208002880500000       001
61703020204002880800000       001
61703020107002880250000       001
61703031332002880200000       001
61703031253002880140000       001
61703030425002880045000       001
61703030350002880090000       001
61703030509002880045000       001
61703040232002880085000       001
61703040242002880035000       001
61703021011002880060000       001
61703021021002880040000       001
61703021007002880017810       001
61703021031002880060000       001
61703030650002880300000       001
61703040628002880030000       001
61703031018002880030000       001
61703030906002880026500       001
61703030916002880028500       001
55566150101030000018670       001
00703352401006000002400       001
00703504303001440130000       001
00703504001001440238000       001
00703504601001440067800       001
00703564601001440152000       001
00703564301002880031500       001
00703532403002880042000       001
00703514001002880004450       001
00703540801002880004800       001
00703537504002880025000       001
00703450204004800012000       001
00703271103002880013000       001
00703271403002880013400       001
00703270403002400013500       001
00703180201014000002400       001
00703280403002880038000       001
00703281204002880032000       001
00703533803002880022500       001
00703940204001440088000       001
00703941601002400050000       001
59762371904000960017350       001
59762371901002880001930       001
59762371903001440009150       001
59762372004000960021650       001
59762372003001440011420       001
59762372104000960023140       001
59762372101002880003000       001
59762372103001440014250       001
59762372201002880007000       001
59762332801012000030000       001
59762372501002880003510       001
59762372603002880005690       001
59762332702002880019620       001
59762332701008640003980       001
59762378101002880009710       001
59762378203001440172940       001
59762378201002880012180       001
59762378303000960384470       001
59762378301002880043820       001
00713011812001440002640       001
00713016412001440002770       001
00713016512001440002780       001
00713010912002880001320       001
00713010102001440002770       001
00713010113002880000870       001
00713010709002880003370       001
00713010809002880003600       001
00088120632009600087000       001
00140000701025000123050       001
58406062307004800017000       001
58406067105012000024900       001
58406068117045000007200       001
58406068315024000003150       001
58406068114048000003200       001
58406068316012000007300       001
58406068312012000007000       001
00689113001000120009860       001
00904057160001100006750       001
00904391660001100016850       001
00904391640001100076000       001
00904528860001100015550       001
00904344040001100021200       001
00904763160001100025900       001
00904763260001100027850       001
00904763240001100123200       001
00904763140001100105650       001
00904120116001100009300       001
00904130016001100007750       001
00904009160001100004000       001
00904009060001100003650       001
00904390260001100002700       001
00904390240001100007550       001
00904390180001100012300       001
00904189160001100045700       001
00904189260001100069450       001
00904381680001100007750       001
00904101516001100003900       001
00904061460001100008050       001
00904770160001100012950       001
00904281060001100034650       001
00904281140001100181000       001
00904777516001100006850       001
00904506516001100006000       001
00904772714003000002860       001
00904421360003000002630       001
00904227360003000002900       001
00901020161003000010620       001
00904399660003000072950       001
00904399746003000035000       001
00904399460003000030000       001
00904399461003000037510       001
00904399560003000040000       001
00904399561003000059460       001
00904261904003000001800       001
00904261907003000002260       001
00904771360003000019510       001
00904771340003000084060       001
00904261760003000009740       001
00904261740003000037390       001
00904262004003000002930       001
00904262007003000003570       001
00904261840003000073500       001
00904261851003000010340       001
00904201760003000007170       001
00904201740003000028320       001
00904207360003000012170       001
00904207340003000052500       001
00904016060003000031500       001
00904768822003000001620       001
00904016012003000003190       001
00904025059003000002490       001
00904200960012000000730       001
00904201360012000001380       001
00904058260012000007850       001
00904404073012000000870       001
00904770470012000004350       001
00904122800003000000980       001
00904203559003000002790       001
00904254860003000022860       001
00904105561003000007000       001
00904076636003000003670       001
00904076645003000006880       001
00904076803003000007520       001
00904076736003000003670       001
00904076745003000006800       001
00904040616003000005500       001
00904040516003000006950       001
00904020961012000003000       001
00904792760012000001850       001
00904131309012000001600       001
00904131546012000001850       001
00904352403003000007540       001
00904071716003000006240       001
00904123020003000001120       001
00904123016003000004000       001
00904175089003000042770       001
00904125892003000002200       001
00904253300003000001120       001
00904323261003000005000       001
00904776021003000001600       001
00904211574003000054630       001
00904211516003000015810       001
00904211769003000028350       001
00904211709003000007750       001
00904264013012000003750       001
00904018460003000007980       001
00904354560003000017750       001
00904773303003000012000       001
00904782231003000004650       001
00904204360003000029270       001
00904315110003000005100       001
00904780980003000250000       001
00904780960003000048380       001
00904222161003000056200       001
00904114616003000004900       001
00904386575012000001170       001
00904024360003000003300       001
00904024460003000004420       001
00904024412003000002650       001
00904066815003000002450       001
00904066760003000008830       001
00904264760003000024260       001
00904264860003000033500       001
00904789680003000145000       001
00904776461003000087790       001
00904771760003000060590       001
00904771460003000021000       001
00904771461003000025000       001
00904771560003000033270       001
00904771661003000052680       001
00904205661003000003600       001
00904092416003000003350       001
00904098128003000041460       001
00904098116003000006330       001
00904326340003000022350       001
00904326216003000010710       001
00904033640003000053250       001
00904265308003000011270       001
00904774360003000016440       001
00904774340003000073600       001
00904284503003000003770       001
00904247016003000014000       001
00904246216003000014500       001
00904247116003000023250       001
00904246316003000017950       001
00904166420012000001550       001
00904067761012000004570       001
00904759161012000003000       001
00904213780012000008940       001
00904146516012000004000       001
00904098950012000002850       001
00904404360012000004630       001
00904077036003000002690       001
00904266336003000002020       001
00904266436003000002020       001
00904190705003000003640       001
00904257960003000004880       001
00904775960003000007000       001
00904183040003000008000       001
00904173460003000028270       001
00904234160003000004490       001
00904208980003000010740       001
00904267460003000007430       001
00904075631003000004500       001
00904762331003000001250       001
00904035861003000023140       001
00904037916003000008460       001
00904209560003000003730       001
00904209680003000048350       001
00904063680003000029750       001
00904063661003000004950       001
00904268760003000002050       001
00904291280003000039360       001
00904291260003000004400       001
00904291416003000011350       001
00904761760012000024000       001
00904772512012000002180       001
00904761740012000083000       001
00904003620012000002420       001
00904202060003000001580       001
00904198359003000001810       001
00904198259003000001300       001
00904238460003000002290       001
00904357160003000049000       001
00904357140003000205000       001
00904287860003000009580       001
00904287960003000011960       001
00904781360003000013950       001
00904781460003000015080       001
00904145360003000005340       001
00904145340003000015650       001
00904506860003000002390       001
00904000514003000001920       001
00904029652003000002450       001
00904000414003000001340       001
00904773445012000007800       001
00904762260012000008250       001
00904047860003000002460       001
00904000314003000002180       001
00904000214003000001340       001
00904101130003000006350       001
00904101016003000004520       001
00904100416003000004230       001
00904780260003000040500       001
00904188572012000005550       001
00904188261012000003000       001
00904766069003000025000       001
00904268360003000002850       001
00904100716003000001700       001
00904531360012000003100       001
00904056060003000023280       001
00904234440003000058300       001
00904041180003000006500       001
00904041160003000002750       001
00904041161003000010040       001
00904041261003000014640       001
00904041460003000005250       001
00904041461003000018750       001
00904042160003000045820       001
00904041660003000003750       001
00904424616003000004600       001
00904132377003000002440       001
00904132321003000001670       001
00904132277003000002440       001
00904765220003000001470       001
00904071300003000001000       001
00904071328003000019200       001
00904021412003000002110       001
00904021624003000001300       001
00904768960003000026100       001
00904768970003000069220       001
00904788420003000001270       001
00904033020003000001170       001
00904166616003000022950       001
00904765016003000011950       001
00904166960003000007650       001
00904166970003000020760       001
00904119840003000032450       001
00904772614003000002040       001
00904323514003000001750       001
00904070300003000001950       001
00904112730003000002430       001
00904125360003000007910       001
00904125340003000027000       001
00904125040003000027000       001
00904125460003000007750       001
00904125440003000036610       001
00904125160003000007750       001
00904125140003000036610       001
00904125061003000014000       001
00904272454003000002990       001
00904516559012000002500       001
00904272660003000008450       001
00904272561003000024660       001
00904177021003000001400       001
00904034380003000030610       001
00904512559003000002690       001
00904118660003000007020       001
00904118760003000014350       001
00904337860003000047250       001
00904337840003000150000       001
00904337960003000050000       001
00904337940003000200000       001
00904053060003000001810       001
00904144416003000002630       001
00904077460003000007690       001
00904053820003000003990       001
00904054013003000003700       001
00904430309003000001950       001
00904429909003000001720       001
00904404451003000002290       001
00904399160003000022000       001
00904399140003000055000       001
00904399161003000045000       001
00904399060003000015000       001
00904399040003000038620       001
00904088444003000006800       001
00904032240003000044680       001
00904032260003000016940       001
00904521730003000001130       001
00904328680003000039500       001
00904328660003000005150       001
00904210316003000028760       001
00904031535003000001940       001
00904292460003000006700       001
00904292440003000030000       001
00904292461003000028500       001
00904292080003000079500       001
00904292060003000006400       001
00904292040003000024850       001
00904292061003000021750       001
00904260822006000001470       001
00904418160006000002570       001
00904054480006000012450       001
00904051860006000002120       001
00904052660006000002860       001
00904052360006000002860       001
00904052361006000004930       001
00904030361006000004970       001
00904424960006000002480       001
00904029160006000004650       001
00904027460006000003650       001
00904275260006000005120       001
00904184322006000001890       001
00904430535003000001250       001
00904325580006000055000       001
00904325560006000005000       001
00904275802006000001150       001
00904428160006000002900       001
60574310101001750408130       001
53014037751001440013500       001
53014001710000960049300       001
53014031114003240028900       001
00006477500024000039730       001
00006477300004800142000       001
00006479900024000012850       001
61570058210000120174000       001
61570001716000960053180       001
61570001860000960039490       001
61570001616000960055390       001
61570000416000960045650       001
61570001101000960057360       001
61570000516000960048760       001
61570001516000960038010       001
61570030031000960008840       001
61570017261002760026040       001
61570017262006120043760       001
61570031311003600023500       001
00068009904008160029050       001
61570008416000120031550       001
61570041451032140032520       001
61570003150016510030500       001
61570003535012920024650       001
61570003675013160027630       001
61570003410016450029580       001
61570003310019980029580       001
61570009010002460030060       001
61570005901007750047530       001
61570007201000240012690       001
61570004510002960021450       001
61570003875023190026050       001
61570004935001080022340       001
61570002801004410028760       001
61570002512019730030090       001
61570001901001440044760       001
00173085496001440045420       001
00088105072010080026050       001
00088105050003860006210       001
61570002401000240060040       001
61570036771009590020550       001
93815097174012000057500       001
57599710304012000030000       001
00451150016000240083500       001
00378202001000240004000       001
00378325291000960006810       001
00378325493002640007050       001
05595309434002880023000       001
05595372401002880008350       001
05595371670002880028240       001
05595371601002880011500       001
05595371640002880007350       001
05595303980002880015290       001
05595313240006000002070       001
05595313340006000002760       001
05595313440006000004520       001
05595310640006000001380       001
05595384001006000009050       001
05595311401006000014180       001
05595311440006000010590       001
05595311470006000047060       001
05595309240006000001910       001
05595334240006000005550       001
05595334440006000010540       001
05595343940006000004710       001
05595373440006000004640       001
05595372740006000003460       001
05595317140006000002810       001
05595017141006000004920       001
55953054440006000007820       001
55953054435006000004760       001
55953054740006000017060       001
00083007430000120067330       001
00083007530000480067050       001
00083005730004800060000       001
05726790226000240035940       001
57267090526002040036790       001
57267091026000360042040       001
57267091526001800051490       001
00052030022003000222300       001
00071052524000240069540       001
00054418425000100011000       001
00054380563006000022700       001
54092009701000120246250       001
54092005601000480109500       001
00075245153002760185000       001
00536199553005000002600       001
00536667101005000001720       001
58914004510000240029580       001
58914001810000480095590       001
58914000410000120105640       001
00025190131000480088770       001
00025191131001080112500       001
58160086016002881005000       001
58160086135004800205000       001
58160085936004800071000       001
58160086001048000039400       001
58160085901048000012950       001
58160085911004800135000       001
58160085905004800071000       001
58160083505002880225940       001
58160083705002880114760       001
00029414901014400150690       001
00091069520000240052570       001
00091419501004440036430       001
00021074010000480013630       001
00091153605001920043360       001
00091353201001680036010       001
00091362001000240032500       001
00131433086000240025160       001
00131422009000120025160       001
00091370701000120048170       001
00300334601004171150000       001
00300368301000361280000       001
00300364201003660465000       001
11098001001002880019150       001
11098001002002880023900       001
50474061201000120054270       001
50474036423000120034140       001
00009047301001440017500       001
00009329501001440034000       001
00009329601001440056000       001
00016031440003000049000       001
00016031055003000058000       001
00016031085003000080000       001
00016031955003000062000       001
00172439018024000002800       001
00172436060001440210000       001
00310096130001440675000       001
00310096036001440245000       001
