901151583558000181000600
901151032424002999900600
901151583574000160000480
901151583566000128800600
901151032390001199800600
901151333277000396500480
901152567535001320000312
901152301497000999900288
901151480631000742300288
901151563758001550000288
901151480649000139200288
901152189462000690000288
901151480656000379400288
901151110097000537000360
901151423920001000000480
901151104561001000000480
901152359875001550200360
901152359867000775100360
901152359859000775100360
901151858893001061600288
901151858901000937700360
901151201961001100000288
901151858935000799900288
901151858919000899900288
901151858927000829900288
901151764760001512100360
901151858885000945100480
901151858810000345900288
901152858876000331900288
901151858695000872400360
901151858703000750800360
901151858851000310400288
901151858711001131400288
901152859072005599900288
901151764232005599900288
901151859099001019900288
901151859107001019900360
901151661172003161100360
901151859131000809900288
901151859115000849900288
901151859123000733400360
901151199744000739900288
901151858844000699900288
901151858992004417500288
901151859016003912500288
901151858836000323200288
901151577071000260600360
901151464023000143500360
901151627801000154000360
901151287432001785000360
901151090521000231000360
901151159573000520000144
901151159631000299200360
901152534774001400000012
901151292358000240000480
901152381325000274500480
901152401610000311700288
901150000000002699900288
901150000000002783000288
901150000000002369900288
901151575893000129500360
901151583236000145600360
901151292390000147000360
901151583293000490000360
901151583277000105800360
901151284728000519300360
901151451327000480000480
901151300797000745400360
901151284710000530000360
901151451319000469100360
901151284801000670000360
901151605997000203000360
901151284686000242400360
901151253145000242400360
901151284645000208500360
901153233962000399900600
901151107572000202500480
901152398246000270000480
901151292424000234000480
901152119311000600000480
901152471647000320000480
901151295450000768300144
901151455203000796500480
901151480953001127000480
901151423839000135700288
901151268606002850000288
901151915578000967200360
901151292648000266000360
901152301315000156300012
901151963024000934500288
901152119147000334000360
901151668524001127500360
901152301323000528000288
901151057603000528000288
901151579754000616000360
901151668516001127500360
901152301299000459900288
901151283399000459900288
901151278167000459900288
901152226355000525100360
901151010206000337200360
901151010362000335000360
901151010180000335000360
901151859032000629500360
901151457746000160000360
901151859065000459900288
901152961555000299900012
901151292606000278700360
901151858745000247700288
901151858737000247700288
901151010412000338500288
901152575199000477500288
901152301281000306900288
901152858983002500000288
901151320365000292100360
901152195881000037500360
901152506335000542700360
901152252484003796500288
901152112407001898800288
901152119253003690000288
901151257534002847700288
901152119261003199900288
901151424456001150000360
901152403442000385000480
901151579697000306000360
901151408152000188500360
901151503226001541000360
901151424472001600000480
901151774777003220000480
901152403442000410500360
901151408186000113400360
901151848340001511600288
901151774769002199900288
901151848357002165100288
901151502848000120000144
901151199611000250000012
901151199538000264500288
901151199520000540000288
901151199421000283500288
901151606524000846200360
901151606573001206100360
901152469179000257500480
901151292861000270000480
901152381176000284500480
901151457738000086201440
901151466226000623000720
901151204262000561400720
901151533892000580000720
901151204122000265000480
901151533884000318000480
901152283554001199900288
901152382596001899900288
901152132983000631500288
901150000000001300700288
901151257526001461200288
901152232841001494800288
901151199397001773400720
901151451434000366500480
901151510668000307300360
901151510676000354000360
901152329126000989700720
901151677541000250000720
901151675867000210000012
901151727171000106000720
901151675867000410000480
901152728194000278000480
901152728145000361300480
901152728228000417200720
901151675669000383700720
901151429232000140700720
901151408335000115000720
901151429224000105000012
901152279792002750000480
901151339951000490000360
901151010396000622700360
901151606466000210000480
901151458892000577000480
901151293018000490000480
901152728657000775700600
901152700839001799900288
901152573368000585200600
901152573384000605800600
901152845279000459200600
901151584580000270000480
901151496207000104500480
901151584598000907000480
901151057793000114000480
901152470078000153500480
901152057768000135000600
901151570803000450000720
901151028281000309000720
901151584564001130000480
901152392561000290000480
901151540525000137500720
901151482967000094100720
901151027101000481300720
901151584549001768500480
901151496991000525800720
901151540533000148000720
901151496199000114500480
901152383545000236500480
901151293158000374100720
901151584580000250000360
901151624451000256700360
901151774793000671700360
901151584648001646700360
901151590983001264700360
901151138478000979000360
901151590959001612200360
901151858299002103500480
901151590967001753000360
901151197128001343400360
901151197003001893600360
901152264273000902000360
901151627819000159900024
901151152131000337500360
901151497015000482100360
901153005717000399900600
901152264265000873200360
901151850452000143100360
901151451400000238800360
901151022862004128300360
901151295773000210001440
901151351410000031101440
901151096684000241201440
901152729051000060900480
901151302173000360000480
901151394261000156501440
901151096734000526701440
901151129576000038300480
901151096726000257501440
901152729028000190000480
901151053768000071601440
901151298215000200001440
901151154038000332301440
901152728962000161001440
901152729044000119900012
901151262914000157701440
901151725928000311500480
901151003680000278509999
901152119162000303700480
901151423938001162000480
901151668532002200000480
901151627827000073000960
901152570166001430000480
901151740422000137500480
901151627835000180000200
901152729721001530000600
901151160597000448600288
901151423474000567100288
901151160654000539200288
901152329100001540000288
901151160670000755200288
901151295641000174800480
901152858199000699900288
901151858224000869900288
901151803899000199900012
901151591239000298200288
901152119287000619900288
901151858208000605800288
901151267665000025000480
901151474410001100000480
901152908663000295300288
901152781318000897000288
901151661099000529200360
901151035344000337700480
901151035237000350000480
901152730042000210000480
901152730141000494101440
901151097013001058500000
901152730018008800000480
901151017995000330000480
901151017987000108000000
901151856210000630700480
901151409549000224000480
901151429257000407000480
901151464049000097500480
901151293521000083000480
901151138635000368500480
901151468883000101100480
901151293489000105000480
901151139252000887500480
901151453224000556900000
901152398618000338500360
901151139260000656100360
901151627843000122500360
901151570811000145000360
901152539906000000000000
901151725936000267000480
901151139278000224000360
901151423870000260400360
901151423862000260400360
901152730174000214700360
901151293604000185200288
901151139492000700000360
901151587385000392000360
901151333343000112700360
901151293927000277000480
901151453216000153300360
901151049006000321300360
901151421478000288500480
901151293901000246500480
901152381341000260000600
901152397164000325800360
901152400455000314800360
901152287431000641000600
901151068899001365600600
901151294057000252700600
901151668490001094100600
901151986298000068000600
901152589547000109900600
901152730711000382500480
901152730729000407500480
901151293976000091000600
901152817815000320200600
901152730620000281400480
901152730638000265300600
901152730687000275000480
901151294073000187300480
901151907153000512200600
901151067800000616500480
901152730679000275000480
901151177575000247500480
901151136076000279000480
901151057660001067000288
901151907153000620000288
901151236199000187500480
901151603299000383500288
901151283555000383500288
901152730653000278500480
901151124049000085000480
901151010420000835500288
901151809697000089000600
901151567908000361500480
901152287415000284000600
901151408160000183300600
901152350064001292500288
901152301562001999900288
901151423946000123100480
901152133064001190000288
901152264281002690000576
901151433549001049900288
901151044684002690000288
901152264299002290000288
901151433556001910600288
901151044601002290000288
901151423722006490000288
901151709195000648500720
901151659770000571700720
901151688142000717300720
901151357565001639900288
901151357557001732500288
901151024090001267000360
901151575927000553000480
901151069848000613500480
901151859503001406900360
901151502764001430700360
901151069889000526900360
901152209476001324400288
901151025287000324100288
901151025121002490000288
901151554443000575000600
901151487719000917000480
901151554450000271100480
901151487701000443200600
901151502749000269000600
901152132892001690000288
901152294775001680000288
901150000000001899900288
901150000000000558100288
901152283588001377100288
901152063188001182100288
901152133056001990000288
901152382604002999900288
901152301695000890000288
901152256485000790000288
901151828086000031001440
901152730810000121500480
901151070325000035000480
901151487727001299900288
901151453158000485000480
901151453166000935000360
901151273218000100000600
901151294297000260000360
901151986280000068700360
901151294156000100500360
901151118991000446500288
901151294206000170000360
901152921575000289000576
901152921435000097500576
901152921450000463000576
901152921484000169500576
901152921500000806500576
901152921666000033200576
901152921674000031500576
901152921690000072000576
901152921716000033200576
901152921732000419000576
901151708965000044600576
901152329092000580500576
901152921740000061100576
901152921757000024500576
901152921765000114000576
901152921781000033000576
901152921799000155000576
901152833911000705901440
901151984046000293402400
901151464924000137500027
901152590438000235000036
901151431931000127500031
901151775097000365000012
901151296979000080000033
901151462456000325000031
901151886001000499900012
901152383164000129900027
901151420900000299900033
901151542703000140000000
901151449115000299900032
901151187095000183300001
901152741205000179900072
901151062256000150100360
901151109289000375400360
901151586270000055200360
901151109313000063900360
901151109297000262100360
901151109321000071700360
901151586288000321000360
901151109412000343000360
901151073733000036100360
901151444488000263900360
901151073659000027800360
901151448422000847600360
901151530377000047700360
901151530369000220600360
901152779106001492800360
901152503225002487400360
901152502433001692700360
901152779098000994900360
901151085670000044000360
901152603561000447100360
901151075746000867000360
901151896844001055800360
901151109644000120900360
901151444496000544200360
901151109560000127000360
901151444504000571600360
901151896844001108900360
901151809219000037300360
901151109917000073700360
901151598697000121900360
901152112514000335300360
901151757145000033600360
901152112506000532000360
901151757152000056000360
901151603489000026000360
901152276251000109000360
901152242329000162000360
901152242337000212300360
901152242345000268200360
901152242352000324000360
901151573567000037600960
901151114370000472400000
901151109727000299900360
901151109750000587800360
901151109669000061400360
901152939114002414600360
901152226546002250000144
901152126548001400000144
901151603745000741000288
901151115526000849900288
901151115625000899900288
901151604511000989900288
901151115641000999900288
901151151372001389900288
901151628403001089900288
901152543395000599900144
901152226504000530000144
901152141745000530000144
901152507812000959902000
901152507820004999900649
901152507341001199900144
901152507838000829901000
901151362045000035900144
901151000173000019700144
901151000199000030200144
901151002054000024300144
901151000207000051500144
901151426691000086800144
901152487502000900000288
901152813806000675000288
901152813830000650000288
901152813814000725000288
901152813822001275000288
901152962652000282300288
901152962611000070500288
901152962629000141100288
901152962686001294100288
901152962637000141100288
901152962645000282300288
901152962678000647000288
901152328193000235300288
901152466316000130000000
901152552438000999900288
901152552420000499900288
901152734739004845000144
901152980506001500000288
901152244069001254500288
901152241206000629900288
901152244051000629900288
901152693968001764700288
901152693976001125000288
901152351575000656200288
901152328201000125700288
901152328219000129900288
901152328227000471000288
901152907517000399900012
901152466340013315200048
901152813780000112900288
901152813798000121500288
901153004280001330000288
901153004496000665000288
901152943546004360500144
901152359826000525000600
901152929560002333300288
901152506152000290700600
901152466373000188800600
901152466381000388800600
901152506145000840600600
901152741809013315200048
901152905479003427800288
901152956936001833500600
901152440964000317600600
901152440956000635200600
901152758936000450000600
901152758928000225000600
901152769917000311800288
901152466399000966100144
901152466431000966100144
901152466423001560000048
901152466407002125000600
901152466449001888800144
901152466415000444400288
901152466456000419700288
901152980837000289500900
901152980886000579000600
901152233674000253100600
901152532141001299900012
901152532158002074700600
901152466464000106200288
901152536977000980000288
901152536969000561400288
901153233012000100001200
901153232949000112501600
901153232998000225000600
901153233020000281200600
901152989036001333300600
901152579696000139900288
901152244044000079500288
901153001831005764500144
901152908796000576400600
901152812535001875000600
901152738144000937500600
901152738169000468700600
901152812550000937500600
901152972412000575000600
901152874253000289500600
901152874311001938000600
901152874261000309901200
901152874295000347400600
901152466480000341100288
901152472520000091100288
901152968147000175000288
901152964021000212500288
901152466472000258800288
901153232972002812500288
901152233682000032200288
901152233690000032200288
901152466514000356200288
901152466522000475000288
901152466530000559900288
901152466506000312500288
901152466555001375000600
901152909174002422500288
901152466548000470500600
901152478550000049400288
901152758944000311100288
901151313956000077200288
901152940526000600700288
901152506137000823500288
901152450005000037500360
901151008465001600000288
901152470490003181800288
901151291665000700000360
901151420769000469900360
901152461028000160002880
901151157999000543401440
901151082635000249900288
901151096700000431800600
901152442671000053302880
901152456143000254002880
901151008929001600000288
901151576180003500000288
901151090182000599900288
901151172964002801500024
901151716505000490000012
901151716513001120000288
901151331727000550000960
901151917657000200000480
901151984624001350000288
901151984616000690000288
901152819480000569600720
901152273852000038000072
901152413037000774400600
901152413029000990000600
901152413052000570600480
901152413045000830000105
901151570373000207100600
901151467398000238300600
901151472273000040504800
901152226645000048802400
901151652981000097504800
901152437010000033004800
901152529014000032500000
901152188787000207100600
901152188795000103600600
901152537918000081004800
901152608172000108002400
901152537926000194104800
901151443308000088902400
901151467372000088902400
901152327542000305800600
901152259083000500000144
901152259075000060000144
901152259091000111000144
901152259109000519000144
901151425834000189300720
901152912756000990000024
901152725315000081900720
901152292159000102000720
901152446953000112000720
901152135986000180000144
901151573575000170400720
901151318864000271500010
901152812014000299900200
901151156173000299900200
901152539781000235600130
901151318781000399900350
901152539807000253000010
901151318807000261700010
901150000000000199900720
901152533545001578700000
901152957330001469700000
901152536019000144400288
901152226678000074700288
901152190767000058900288
901152513828000137300288
901152821478000145500288
901152360162000115400288
901152360154000107800288
901151856889000620800288
901152781664001453500288
901152590289000145300288
901152590297000141300288
901152227817000065300288
901152709368000133700288
901152227809000049400288
901152381895000219700288
901152232247000075500288
901152228286000066200288
901152514354000139400288
901152514362000155300288
901152394591000265900288
901152115566000089400288
901152448223000169900288
901152760171000196600288
901152572873000178500288
901152572865000178500288
901152268258000135300288
901152513810000065900288
901152480770000070700288
901152480762000135400288
901152599207000408400288
901152590867000319700288
901152590875000371900288
901152590313000137700288
901152590305000137700288
901152742690000052200288
901151182880000036600288
901151037597000026800288
901151182898000048700288
901151037506000030900288
901151037464000049800288
901151182930000037100288
901152821445000043100720
901152821452000043100720
901152821494000097800720
901152821460000043100288
901152974129000389800480
901152974178000577800480
901152974111000482300480
901152974152000346300480
901152974160000540000480
901152974103000601700480
901152420750000137000060
901152407096000967900720
901151855659000107200720
901151855642000509400720
901152590677000139800288
901152779015000143700288
901152590693000108300288
901152590685000141500288
901152460152000250700288
901152460160000179500288
901152727709000170500288
901152418820000045700360
901152964054000460000720
901152964047000250600720
901152964096002073300720
901152964070000383300720
901152964088001109300720
901151753003000750000720
901151752997000100000720
901152569960005000000720
901152420867000453300720
901152420883001350000720
901152136117004000000720
901152136125004000000720
901152136133007000000720
901152136109001750000720
901152569978001550000720
901152247344000400000720
901152247369000760900720
901152247351000330000720
901152449916000500000012
901152449924000350000720
901151273481000350000720
901151274273000400000720
901151737774000166800720
901151274240000550000720
901152449932002000000720
901152449908000251200720
901152414308000099900720
901152414316000160000720
901151006063000008101440
901151380278000013701440
901151085182000286100360
901151776848000317900720
901151789734000470500144
901151782266000896300144
901152579308001023500144
901152707123001023500144
901152714152000635200288
901152714145000200000144
901152508364000067300144
901152881258000705800144
901152888931001576400144
901152888949000811700144
901152881266000323500144
901152944411001729400144
901151403641000270500288
901151698968001528200144
901152995165011929400144
901152995173001988200144
901151485861000294100288
901151485853000067600360
901151490499000499900144
901151485838000277000288
901152740033000183300720
901152740009000026200720
901152740017000092600720
901152740066000221300720
901152740041000030000720
901152740058000111800720
901152738730000256100720
901152740074000033700720
901152739993000130800720
901152743102000119400720
901152743136000529300720
901151453679000087100720
901151453703000393800720
901152830735000813400720
901151453711000091100720
901151453729000420600720
901151453737000159900720
901151453745000696300720
901151260280001583300288
901151260322001666700288
901151086974000179500720
901151459502000874900720
901151087014000198900720
901151459924000973400720
901152432623000336900360
901152432631001642200360
901151221746000599900012
901151026343000944400240
901151453307000120300720
901152374247000426700720
901151226919000044800720
901151276229000243900720
901151276161000048800720
901151453299000561800720
901151276179000065300720
901151226877000105800720
901151326594001143502400
901151221373000183202400
901151296102000125002400
901151739218000363602400
901151215128000356702400
901152003184000086702400
901152573806000454100720
901151600360000052300720
901152573780000235000720
901151130079000024800720
901151411537000246100720
901151600378000034900720
901151389337000020400360
901151191469000048300360
901151804152001090002400
901151267392000144502400
901151079391002623900720
901151143858000335000720
901151075308000160000720
901152079432004369800720
901151079458000437000720
901151075365001976900720
901151075373000208200720
901151075423002796400720
901151143783000294400720
901152071264000130300720
901152071249000205500720
901152477875000201100720
901152477883000242500720
901152477891000435500720
901151738541000174300720
901151376276000065400720
901151376573000261600720
901151376607000041900720
901151735992000490100720
901151376615000053300720
901151758432000098400720
901152379865000114600720
901152379873000089300720
901152379824000928500720
901152379832000097500720
901152379840000061900720
901152379782000931100720
901152379790000098000720
901152379808000065100720
901151437615000096400720
901151437623000157600720
901152460996000036802880
901152461002000092802880
901152461010000390402880
901152461036000174002880
901151380369000140100720
901151975267000679500720
901151379437000068300720
901151975275000330600720
901151380401000093600720
901151379601000106600720
901151975259000517000720
901151177492000069405000
901151283720000212100720
901151415876000034500720
901151226430000264000720
901151226448000038800720
901151080795000079100720
901151080811000357300720
901152296002000949500720
901152295996000103600720
901152295970000594400720
901152295962000067100720
901151453547000190900720
901151453554000032300720
901151450196000114500720
901151453497000229000720
901151452788000031600720
901151122928000310600720
901151453505000248600720
901151453513000038200720
901151453539000043700720
901152409217000428100720
901151085059000067800720
901151450451000544900720
901151453661000076400720
901151450790000706600720
901151450782000093100720
901151451087000508000720
901151303593000064800720
901151433036000379500720
901151168061000041702400
901151600212000041700720
901151168483000049804800
901151042365000049800720
901151999630000163600720
901151999622000232100720
901151400514000730900360
901151338250000095600360
901150000000000837900720
901151400266000114300720
901150000000001637900720
901152400398000180200720
901151434976000259702400
901151434968000436102400
901151214972000427402400
901151435015000267501440
901151231679000259701440
901151435007000505901440
901151215433000498101440
901151830702000226100720
901151456656000082000720
901151456912000112500720
901151457555000130100720
901150000000000013302880
901150000000000022602880
901150000000000018702880
901150000000000033202880
901150000000000044702880
901151370824000074802880
901151252428000341102880
901150000000000102602880
901151084318000259500720
901151084334000384700720
901151545144000030300720
901151244508000038400720
901152700649002258500720
901152700631000273800720
901152589273000555400720
901152589265000067100720
901152584621000278300720
901152589257000041900720
901152700656000247000720
901152589307001472100720
901152589299000378800720
901152589281000055000720
901151453976002414800720
901151292341000254300720
901151210400001061700720
901151284231000111800720
901151462381000702800720
901151210079000313800720
901151462399000799900720
901151453950000720400720
901151210418000075900720
901151289727001136800720
901151288224000187500720
901152461648002496300720
901151454016000262800720
901151453984000098300720
901152461630001138500720
901151453992000120500720
901151454008000180800720
901151751437000315001200
901152190817000599600720
901152190791000061100720
901151675347000081900720
901152289635000376800720
901151464544000656000720
901151464551000069000720
901151472984000051400720
901151472976000233400720
901151462431002018800720
901151087758000212500720
901151087600000096800720
901151045012001459800720
901151087642000153600720
901151840024001830300720
901151087675000192600720
901150000000000015401200
901150000000000019401200
901150000000000013701200
901150000000000018701200
901150000000000024001440
901150000000000016401200
901151174978000046801200
901151184167000207201200
901152136976000066401200
901151264308000322201200
901150000000000034900720
901151252378000235700720
901150000000000049900720
901151999614000090000720
901152819464000590800720
901152819571000355700720
901152819530000383100720
901152819555000371100720
901152819522000385600720
901152819498000388100720
901151087931000409000288
901151427616000240000288
901150000000000097102400
901152099828000126502400
901151499078000031502400
901152516441000024902400
901152163822000006902400
901152163830000013802400
901151498807000007200024
901152163392000020602400
901152163889000028402400
901152090181000131202400
901152096626000122200060
901152093383000022502400
901152093391000018000012
901152236560000018502400
901152094712000056902400
901152568798000075102400
901152516490000094702400
901152516508000117402400
901152163913000020002400
901152516516000010002400
901152095164000049402400
901152524932000078702400
901152566156000017002400
901152524924000019102400
901152524940000026702400
901152095933000105702400
901152163053000036002400
901152311967000031102400
901152420172000286102400
901152094738000078802400
901152473692000293502400
901152243707000034702400
901152163954000010902880
901152097822000088302400
901152366367000431402400
901152101400000226802400
901152096865000054902400
901152091841000070002400
901152162923000014502400
901152162667000025602400
901152305928000041202400
901152091619000050002400
901151700400000158702400
901152100717000074302400
901152812394000019002400
901152886547000022502400
901152095180000105302400
901152095172000033702400
901152163459000021802400
901151631597000018102400
901152102465000027502400
901150000000000094902400
901150000000000062402400
901152164309000018202400
901152282143000046502400
901151631506000012502400
901152164333000018202400
901152164341000022202400
901152095578000056302400
901152095586000038202400
901152091742000035202400
901152162527000021202400
901152374585000017602400
901152162477000027002400
901152103638000584402400
901152098069000027602400
901152098077000066102400
901152099349000060002400
901152098085000074002400
901152091973000110502400
901152164416000017502400
901151594233000109900344
901152162378000013702400
901152092245001998802400
901152968758000631202400
901152092310000196502400
901152092344000257602400
901152092351001258802400
901152098457000022902400
901152092880000037302400
901150000000000446802400
901152162345000011302400
901152098531000126502400
901152094951000011902400
901152093292000061302400
901152093300000274402400
901152098283000069902400
901152093284000317602400
901152093268000057002400
901152093276000194302400
901152098275000067002400
901152581353000124502400
901152162741000018402400
901152236602000028602400
901152163087000018302400
901152093334000104102400
901152162998000036402400
901150000000000098202400
901152092013000032902400
901152752392001034800144
901152752400000217700600
901152534451000088700600
901152534469000392800600
901152763910000279300600
901152457471000212300288
901152752418000077000480
901152749406000210800144
901152752426000323000288
901152453769000072500144
901152453777000326000144
901152425429000076200144
901152505238000312400144
901152778769000916300144
901151320944000096400144
901150000000001844800012
901150000000000553400012
901151251354001015700108
901151253657000746500228
901151255306000848300240
901152538049003798601440
901151563071000532802880
901151812460001329501440
901151248335001334301440
901152368108004408001200
901151812478000444801440
901152908432001599900720
901152906774000159902880
901152462232000279001440
901152462257000504301440
901152473379002494600000
901151370923001989000000
901151370899001091800000
901151370907002028100000
901152521136000707300000
901152548410000525200000
901152521144000649700000
901152386159000607300000
901152524825000763000000
901152386167000648500000
901152521151000505600000
901151084417000905100012
901151003805000318900288
901151241074000558600288
901151095249000286500516
901151013358000447000720
901151340637003636300288
901152719573001697700288
901152719565001697700288
901152719540001767000288
901152760361002129600288
901151072990001229600288
901151349455000469300200
901151389030000277300432
901151025485000379200648
901151025493000304800144
901152762367000411600096
901151025758000539100144
901151375245000225300480
901151375237000320100288
901152375228000446600288
901151142892000957100288
901150000000004499000096
901152026409000248000288
901151080548001597500096
901151026566000241300144
901152581825000397400480
901151286962000353600540
901151263730000046100324
901151341023000759900480
901152570984000640700288
901152691434000069600288
901152570992001005400288
901152614527000105800288
901152570547000215400288
901152571008001047100288
901152707792000010500288
901152707776000012200288
901152707818000009600288
901152691459000034700288
901152691467000136800288
901152707792000014600288
901152707771000016500720
901152707743000013100288
901152691483000227200288
901152691541000087700288
901152691558000399800288
901152707677000009100288
901152707636000013600288
901152691491000033100288
901152691483000154500288
901152707602000012300288
901152707552000020700288
901152691517000066200288
901152691525000302400288
901152451441000056500288
901152451391000110200288
901152451383000013700288
901152451417000134800288
901152451409000016600288
901152451433000290600288
901152451425000031600288
901151385376001740000144
901151789155001500000012
901151383728001150000144
901151569797001489600144
901151218239002990000144
901152447357011000000144
901151975481001755000144
901151612191004610000144
901151612175006810000144
901151616879009600000144
901151724863004773700144
901151848233001869500144
901151802859005850000144
901152200103009370000144
901151485663003666600144
901152547602002923800144
901151904531003845100144
901151830298002723000144
901151612167006000000144
901151612159007500000144
901151904507005650000144
901151904515004110000144
901151848225003520000144
901151612142006240000144
901151612134008620000144
901151612126009988600144
901152447357010388800144
901151386168006944400144
901152853265006725100144
901151789130007170000144
901151719178009256600144
901151904499010388800144
901151830272003767400144
901152547610003750000144
901151853258004165000144
901151673250007144400144
901151788249003150300144
901152830263003293600144
901151218270002814000144
901151300086002727200144
901151209410003680000144
901151569805005510000144
901151209477003267200144
901151208966003369100144
901151208990003280000144
901151749407002068500144
901151607936004938200144
901151607928006944400144
901151607910008950600144
901152471100007800000144
901152471118007437900144
901152471126010240200144
901152471134010729400144
901152471092004000000144
901152471191011810000144
901152542215003900800144
901152542207004186500144
901152471183008131800144
901152471175007608600144
901152471209011120000144
901152471225013780000144
901152471217013550000144
901152471167004526700144
901151508613000319900012
901151151018000108500012
901150000000000343000012
901150000000000197000288
901151243815000029100480
901150000000000012000600
901151374479000027200288
901150000000000000000000
901151168608000000000000
901150000000000040100288
901151194190000031400288
901151203017000015000480
901150000000000089900288
901151321595000010900600
901151324672000020100360
901151321751000000000000
901150000000000055400288
901151321785000019900288
901150000000000000000000
901151250737000041700600
901151310770000046400480
901151188580000000000000
901150000000000024000600
901150000000000157900480
901150000000000029100480
901150000000000170100288
901150000000000027000600
901151241017000049900480
901151241744000015800480
901151826866000015800480
901151241512000022400600
901151172196000049600480
901151241579000018900600
901151287648000022502400
901150000000000119500600
901150000000000088800600
901150000000000017700600
901150000000000029800600
901151032192000018500600
901151024637000000000000
901151241389000035800600
901151241397000033900600
901150000000000020100600
901150000000000018800600
901151260157000000000000
901152510691000086700480
901151116771000000000000
901151046762000000000000
901150000000000000000000
901150000000000123600600
901152084168000000000000
901151374669000020600600
901151445071000029300600
901151121797000028000600
901151246800000000000000
901151688878000031600600
901151488576000000000000
901150000000000036400600
901151458330000027202400
901151199470000000000000
901151207760000000000000
901150000000000000000000
901150000000000027800480
901151183227000000000000
901150000000000238400288
901150000000000000000000
901151322817000040800480
901150000000000466100480
901151233287000056800480
901151192517000185500288
901151244185000026700288
901151050665000018100720
901150000000000259900288
901151308386000000000000
901151611102000000000000
901151374743000000000000
901151032366000014300600
901150000000000053000480
901151023753000000000000
901150000000000000000000
901151395425000000000000
901151395193000000000000
901151374867000025100360
901150000000000000000000
901150000000000039500360
901150000000000000000000
901150000000000000000000
901150000000000000000000
901151183839000000000000
901151041359000019600360
901151087477000020000360
901151920792000042400480
901151999499000000000000
901151328228000030700720
901151201433000000000000
901150000000000000000000
901152085728000000000000
901151737949000000000000
901151085737000000000000
901152543338000000000000
901150000000000044700420
901151342336000014000420
901151052893000000000000
901151243609000020100960
901151243617000025900960
901151134543000000000000
901152385011000000000000
901151483049000000000000
901151245505000017500360
901150000000000032900600
901151141530000027200360
901151283175000032200480
901151041664000032200720
901151207265000040100420
901151325596000014100600
901151243914000000000000
901150000000000000000000
901151336122000000000000
901150000000000000000000
901150000000000000000000
901151471283000000000000
901150000000000000000000
901151329572000000000000
901150000000000071800600
901151074814000084800600
901150000000000000000000
901150000000000013900288
901151239094000000000000
901151003896000254900396
901151207646000045700540
901150000000000000000000
901150000000000023900444
901150000000000000000000
901151042753000026500444
901150000000000000000000
901150000000000000000000
901150000000000000000000
901151171529000000000000
901150000000000013300600
901151209444000000000000
901151210897000020900600
901150000000000049200480
901151113372000000000000
901151066067000000000000
901151176338000000000000
901151606466000000000000
901151278027000039400444
901151352905000034900444
901151221878000000000000
901151375187000000000000
901152168532000110300720
901152168706000045500480
901150000000000022900600
901152169092000016200720
901151396688000027900432
901151375948000018900444
901150000000000000000000
901151098789000545000144
901151884196000662500144
901152601383000282900892
901152601375000169901440
901151193226000331800048
901152700524000678400108
901152365294000637600048
901152850121001347800060
901151776525001502400072
901152862415000119000600
901151701671000166600600
901151565621000373300600
901151247626000397201200
901151730076000400001200
901151268697000580001200
901152189470000450001200
901151548031000600001200
901151530450000082200000
901152713154000095300000
901152475473000130602880
901152318004000046004800
901151803584000072902880
901151298736000030609999
901151576396000079609999
901151392893000032809999
901151702000000345801440
901152419984008990000012
901151787894003349900012
