00089030102000462500288
00089030202000462500288
00089030302000462500288
00089030402000512500048
66591033512002486600012
66591034512004973200012
00074643501002717800480
00074610801008124600480
00074335101001315600480
00074230101000669100144
00074162301000542800144
00074162601000567800144
00074162602001080300144
00074678001003008400144
00074198510000177800144
00074198501000030000144
00074678102001738800144
00074678101005161500144
00074677902000266500144
00074153911000319400144
00074153931000340800144
00074677901000758400144
00074229602000719900144
00074229632000752800144
00074258705000320000144
00074229601000395600144
00074567102000144000144
00074568502000155900144
00074614302000396000480
00074330702000096500480
00074330701000418000480
00074445201001121300480
00074539602000998900288
00074587801001198900288
00074150005000592800360
00074806029002043600288
00074806101000964900480
00074669502001792000480
00074195701003068800360
00074195601001439000360
00074243403004131500288
00074195801001661500288
00074195501001210200360
00074299103001059400288
00074298905000898800288
00074407202001688800288
00074299203000944300288
00074585505000938800288
00074585503000938800288
00074585203001130400288
00074585605001058800288
00074585603001058800288
00074110805005498800288
00074110803005498800288
00074721703006998800288
00074109005001018800288
00074712207003098800288
00074770029001338800288
00074775129001298800288
00074774029001728800288
00074415405000898800288
00074161705003989800288
00074161602003989800288
00074161603003858800288
00074592201000143900360
00007313505001273900480
00007313705000205800480
00074737601000758900288
00074491034000318800288
00074763962004197100288
00074763862003259800288
00074141214000154000288
00074115901000451500360
00074427201000138900360
00074115801000115900360
00074115902000435900360
00074115802000705400288
00074116001000593500360
00074116201000502700360
00074427301000125800360
00074116101000100400288
00074116301000696000360
00074116501000505600360
00074427401000185200288
00074116502000836100288
00074361301000178300288
00074904101001685000288
00074904301001452500288
00074904501000186100288
00074904601001540500288
00074255302000462000288
00074255303000696000288
00074103630000063901440
00074416901001041200288
00074417001001414400288
00074409301000183200288
00074735102001103600288
00074735002000928900288
00039002325001860300288
00039002350003721700288
00039001810000714900288
00039001825001788800288
00039001850003578600288
00039002425003360700288
00039002450006728600288
00039001911001373500288
00039001910001316200288
00039001925003292200288
00039001950004500000024
00074405001000761500480
00074405403001392400288
00074409201000219700288
00074490222000277700360
00074751715000278600480
00074150503001388500288
00074150703002698800288
00074408902000265400360
00074153503000698800288
00074177510000492200288
00074792337001098800360
00074152311000518800288
00074152301000498800288
00074710002000612600360
00074792336001063900360
00074792320000736300288
00074152201000463800288
00074152202000428800288
00074152203000458800288
00074792502000988800288
00074664802000181400360
00074216701000549500288
00074216901000179500288
00074216932000236000288
00074117102000676600144
00074117101000337700144
00074202520000386600288
00074234402000337100360
00074234401000036500360
00074202554000525800360
00074234632001898800288
00074234534003198800288
00074234732002798800288
00074234634003098800288
00074414202000980000012
00074415502002248800288
00074414203002298800288
00074780822001318800288
00074780922001538800360
00074780824001538800288
00074910420000165800360
00074426501000287700360
00074426618000409500360
00074118701000119000288
00074722217003455000288
00074722218003455000288
00074161405000278800288
00074161401000458800288
00074161402000488800288
00074161403000498800288
00074795119001615500288
00074795123006685100288
00074795112001759100288
00074795113002988800288
00074582910000125800288
00074581631000175800288
00074210931000367200720
00074212201000028500720
00074212202000057501440
00074724101000090701440
00074647844000599700480
00074648101000578400480
00074324701001139000480
00074636502000284100480
00074648201000296700480
00074452258000630500288
00074411601001299700288
00074267948001460200288
00074452458001493800288
00074406558001772400720
00074163910000352100480
00074610202000120700480
00074610204000124000480
00074340201000348500480
00074340001000306300360
00074788423001058800288
00074340101000337600360
00074115270000108900480
00074115170000103700720
00074128131000377000480
00074115214000222200144
00074128031000388800720
00074128011000406800480
00074128102000391500480
00074128132000361900720
00074128002000393100480
00074128012000395100480
00074115278000144000480
00074115178000124000480
00074128123000274500480
00074128103000215000480
00074115114000302200480
00074128013000264000480
00074128033000244700480
00074345425000399800480
00074128135000244700480
00074128115000371900480
00074128025000274500480
00074128035000244700480
00074128015000360000480
00074779323001388800288
00074131611000687500288
00074779462001248800288
00074258102000577900480
00074762059000606800288
00074258402000951500480
00074140211000404500480
00074131614000379200240
00074779362001098800240
00074737109000718800288
00074737103001128800288
00074737303000648800360
00074497718000576000480
00074497815000489000480
00074141005000774700600
00074151748001798900288
00074379301000567100288
00074228811000383700288
00074228831000394800288
00074379501000563300600
00074228701000373400600
00074379601000575000960
00074897518000664600480
00074226720000047300480
00074226754000075600960
00074454102000059000480
00074454104000139000480
00074144304001013500288
00074791624001598900288
00074427001000863500480
00074427902000118200480
00074427602000143900480
00074471302000133500600
00074405601000221300480
00074428202000217000480
00074428201000089900720
00074427702000128900480
00074624801001767500480
00074428301000365000720
00074913705000228900360
00074490434000248900480
00074793132000788500480
00074793124001888800360
00074793932000999800360
00074317701000573100480
00074317801000288200144
00074318101000255600480
00074120901000227000480
00074317901000230100480
00074318202000452800480
00074318301000321600480
00074477601000748200480
00074978621000948900288
00074978601001158800288
00074979401000856800288
00074978901001538800288
00074979203001318800288
00074978903002798800360
00074979301001858800288
00074978702003128800288
00074979021000948900288
00074979001001174000288
00074979003001338800288
00074979103001988800288
00074689203002448800288
00074494301000512500480
00074672923001119000360
00074216802000268300480
00074216803000798800480
00074962805000456500144
00074673013001119000480
00074672723000988800480
00074409101000135200360
00074771309002698800288
00074771503001698800288
00074403101000249300288
00074771209002617800288
00074771502003917800288
00074155910000194801440
00074155950000283000480
00074158750000030500480
00074174610000233801440
00074175250000057501440
00074156030000241001440
00074174929000520001440
00074161050000035700480
00074174910000240300480
00074174930000259900960
00074175550000070601440
00074158210000254100480
00074175030000214200480
00074174650000377200480
00074176102000252801440
00074175250000000000480
00074303001000310500480
00074341301000153700480
00074781137001508800480
00074436505000923400288
00074436510001442800288
00074437520002425300288
00074146301000072000288
00074121101000098900288
00074121901000605300288
00074372301000175600288
00074148302000618900288
00074325001000728600480
00074180802000559600480
00074180806002488800480
00074433504003821200480
00074464502000683000480
00074564801001678800480
00074187405000558800480
00074184906009170500480
00024159502000561001440
00074186602000398700480
00074329406000693700480
00074818301000103200012
00074329451000466100480
00074710509000493100288
00074707514000598900288
00074663501000094900480
00074711509000678800288
00074665106000087700480
00074711109000628800288
00074390703000212800480
00074665106000099000480
00074493101000365700480
00074663601000098000480
00074711609000648800288
00074493901000395000480
00074711309000648800288
00074799803000808800288
00074499419000337500360
00074729601000113500360
00074729501000135800360
00074469801001115700480
00074190201000226700480
00074190301000231100480
00074231231000152900144
00074697010000774200288
00074329905000380900360
00074329906000725700360
00074729901000079800012
00074553418000242200480
00074553434000346800480
00074159403001288800360
00074491622000313400480
00074491634000333300480
00074663734000260900288
00074662502000298800360
00074713202000888800288
00074773036001738800288
00074798437001058800600
00074710123000938800480
00074488810000066800288
00074488820000108900288
00074710102000612700288
00074798420000988800288
00074191833000248800600
00074158401000487800600
00074710166000785400288
00074798436001088800480
00074191835000238800480
00074181222000354200288
00074181102000309400288
00074188512000618800480
00074181223000203700480
00074181203000280200480
00074188503000168800480
00074181105000182300480
00074158401000619000288
00074158301000396800288
00074158302000396800240
00074665773000174500480
00074114102000798900480
00074114101000447300480
00074188505000180400288
00074158603000858800288
00074196604000098900480
00074196605000113500144
00074196607000098900480
00074210232000177100288
00074329551001187800600
00074739172000178800600
00074186468001291500288
00074183701001189000288
00074509216002804000288
00074508311001024800576
00074508216002531800576
00074509311001947500288
00007508411002025400576
00074508611006141600288
00074766823001058800288
00074767713001059800288
00074766662001048800288
00074770562001163800288
00074766509000662500288
00074357701000648500288
00074325403002519000480
00074357801000512100288
00074325503001058800480
00074329606001217600360
00074329706001388500360
00074323601000588800360
00074329806001376800360
00074588101001585500480
00074588219000627900480
00074459250002192100480
00074479702001323400288
00074640248001886800288
00074806615000701500480
00074338604001728800480
50419034220007180000048
00074653301000464501440
00074433201000313301440
00074429348001898900288
00074183258000889000288
00074114402000037500480
00074198202000145200480
00074401101000028801440
00074114401000034000480
00074397703000092700600
00074488710000070100480
00074488720000090200480
00074159002000458800240
00074488750000222000288
53265025650000376302780
53265026611000388200800
53265026650000261500144
53265027011000656800144
53265019711000516400144
53265024512000180000144
53265076412000345300144
00065079550000680000072
00065079515001129800072
00065079530001139800072
08065183150001017600024
00065074112000586300144
00023791560000253800012
00023076660000568500288
00472075160000198900480
00472128516000299900024
00472128416000261400060
65234004710000427500828
65234004810000197500480
65234005210000226600288
65234005224000056700480
59075002510001573109999
65234002610003333300379
65234005610000498501004
65234005010000342500480
52152017202000146800720
52152003902000067300720
52152003903000164300720
52152018602000823400720
52152016102000511800720
52152016202000906200720
52152019702000349300720
52152016005003823500720
52152016002000430000720
52152016705005244200720
52152016702000551800720
52152015902000268700720
52152015905002499800720
52152013002000050000720
52152013004000236800720
52152025302000198800720
52152013904000240600720
52152013902000050000720
52152002002000053100720
52152002004000243100720
52152001902000040600720
52152001904000184300720
52152011502000090000720
52152017902000621800720
52152018002000926800720
52152013605000524300720
52152013602000063700720
52152013604000303700720
52152013702000131200720
52152013704000650000720
52152001805000233100720
52152001802000031200720
52152001804000123700720
52152005302000045500720
52152008602000131200720
52152008402000093700720
52152008502000106200720
52152001402000155700720
52152001502000176800720
52152024702000099800240
52152024502000090700720
52152011802000094000720
52152011804000461800720
52152011902000129900720
52152011904000623700720
52152014302000023600720
52152016302000074300720
52152015602000051200720
52152015502000023600720
52152011705000152600720
52152011702000024900720
52152011102000129600720
52152011202000223900720
52152015002000050500360
52152003102000050500360
52152000102000050500360
52152004814000089500720
52152010502002074300720
52152010530000661800720
52152000305000437500720
52152000302000046800720
52152000405000649900720
52152000402000069900720
52152024802000090600720
52152024804000655800720
52152017802000050500720
52152017120000070100720
52152017104000174200720
52152017711000087100720
52152012705000224100720
52152012805000224100720
52152000202000035500720
52152018502000585200720
52152007802000047000720
52152007804000128800024
52152007602000102300720
52152007604000466400720
52152007702000111700720
52152007704000465700720
52152003205000274900720
52152003202000028700720
00023666365000619900012
00517750425000749800048
00517760425001246800300
00517493025001294100048
00517460125000168601000
00517462025000741200525
00517460225000273100360
00517460525000352900800
00517561025000411700180
00517003310000155000048
00517003325000812500048
00517003410000112500108
00517281025000214700240
00517293025000252900432
62037059790000576500100
62037059990001017300244
62037060090001329400288
63323061603012000000048
63323038910000157500048
63323039923000225000048
63323038810000141800048
63323011410000260000048
63323023861001500000048
63323023710000564700048
63323010365001290000144
63323010364002390000144
63323010351000590000144
63323047401001180000048
63323054501000125000048
63323091501000507500048
63323061720003294100048
63323001810000989900048
63323087715000690000048
63323073510005201300024
52769027076003330000100
52769047175002470000144
52769047180004940000144
65271000160000142900360
00186151601000406600060
00186103101000071800123
00186103091000316500040
00186103501000078800125
00186036001000105000048
00186033001000145900384
00088120632001235300280
00088120865000828100048
00053748610004940000072
00053748605002470000072
00562780726023850000240
00562780706004770001200
51285030302000137300360
00555030402000242700360
51285030404001131500360
00555003305000377600360
00555003302000055500360
00555015902000062700360
00555015904000263600360
00555015802000072100360
00555016405000345000360
00555016402000036200360
00555016305000254800360
00555016302000026700360
00555036305000265400360
00555036302000027900360
00555044202000490800360
00555044302000890000360
00555048305000414200360
00555048302000045100360
00555904358001172300096
00555904558001391200096
00555071558001609100096
00555058502000047700360
00555058504000220600360
00555063402001712100360
00555063502002852900360
00555063509001941400360
00555063302001141000360
51285091502000082400585
00555005902000044000360
00555005905000296800360
00555025205000910300360
00555028505001108600360
00555028502000127000360
00555028605001164400360
00555028602000133300360
00555034458001625300096
00555044522000047000360
00555044521000066000360
00555044523000087800360
00555058402000097300360
00555058404000451200360
00555089902000123000360
00555088602000167300360
00555088604000739200360
00555088702000239500360
00555088704000264500360
00555072702000174400360
00555092302001232200360
00555087702000285000360
00555087063002650100360
00555087004007140500360
00555088202000818400360
00555032402000216200360
00555032302000072800360
00555032304000353400360
00555030202000099500360
00555030204000482900360
00555006605000337300720
00555006602000034300720
00555007105000535100720
00555007102000056300720
00555007101000026000720
00555905058001189200720
00555901458001229200360
00555048527002123500360
00555048402001140000360
00555048401000333500360
00555077904001245800360
00555087202000101800720
00555087204000617600140
00555087302000150500500
00555087304000745300140
00555017178001832500360
00555060602000220900360
00555060702000427700360
00555060703000964100360
00555060704001831900360
00555030138000045700960
00555024171000510000360
00555024271000525500360
00555090202002700300360
00555090201000810100360
00555021110000556100360
00555900858001263300360
00555900957001133800360
00555901058001132600360
00555901258001414600360
00555052202000093500360
51285052204001991500360
00555052102000267100360
00555027102000496000360
00555090401000238200144
00555001105000299900360
00555001102000044000360
00555001005000587800360
00555001002000061800360
00555073202000156900360
00555049002000072100360
00555073204000867300360
00555073302002426200360
00555048902000047000360
00555048904000224900360
00555901858001475000144
00555087505000588200112
00555044402000030800360
00555044404000130600360
00555083502000567500360
00555083105003315700360
00555083102000341800360
00555083202000367900360
00555086905003460200360
00555086902000356700360
00555092502000369600360
00555087405003593800360
00555083305003618600360
00555083302000373400360
00555092602000529200360
00555083402000547200360
00338107702003289800144
00338107502004219800144
00338519741000805500144
10019036040001050000048
54643564901000242700600
54643564601000340000600
00338049048000889800288
00338049104001520000288
00338049503002139800288
00338105548000689800360
00338601048007539800144
00338601137014769800144
00338104902000614800288
00338049403005559800288
10019001301002524600096
10019001303005101400036
10019001302005101400048
00338055311001366500200
00338064406001679800288
00338046006002049800288
00338062603001759000288
85412000126002510400240
85412000133001677400240
85412000096002359000240
85412000140002282500240
85412000102002159800240
00026885154021322400024
00026063512000929900288
00026063605004590000288
00026061802001199900288
00026063402000799901200
00026851351004631800012
00026855236003023300036
00026856220001162800024
00026856464002325600024
00026855463005814000024
00026852763005814000024
00026064871006438800144
00026064824012877700144
00026064812000644800480
00026064820003219400480
00026064571006438800144
00026064512000644800480
00026064515003219400480
00026064524012877700144
00026064520003219400480
00026060320006693600072
00264230400001020000144
00264230410000850000144
00264905691001880000144
00264905591001880000144
00264967691001870000144
00264955450001680000144
00264116755001050000144
00264712207006980000144
80214719600001030000144
80214734308003080000144
00264949850002240000144
00264949450002290000144
00264761600000580000144
00264761620000979800144
00264761610000979800144
00264761400000589800144
00264761410001020000144
00264761220000780000144
00264761210001020000144
00264763400000840000144
00264764500000780000144
00264763600000780000144
00264762500001249800144
00264775110001120000144
00264761200000600000144
00264778100001039800144
00264761000000600000144
00264752000000620000144
00264752010001089800144
00264124055000380000144
00264751000000580000144
00264151032001480000144
00264151036003580000144
00264151031002170000144
00264128055000440000144
00264128155000630000144
00264129055000580000144
00264129050000480000144
00264196210003596400144
00264196310003396600144
00264196010002260000144
00264752020000970000144
00264126055000370000144
00264751010000950000144
00264128050000370000144
00264127050000440000144
00264112950001380000144
00264148255001370000144
00264149255001919800144
00264148155001740000144
00264975506000330000144
00264975706000580000144
00264905748002580000144
00264918850001020000144
00264193110002580000144
00264193100002580000144
00264901055002880000144
00264903055002580000144
00264901155002970000144
00264904055001189800144
00264903155002640000144
00264580832000730000144
00264581032000780000144
00264580632000670000144
00264581638000720000144
00264956710002890000144
00264958720003140000144
00264937155003886100144
00264196510003180000144
00264941340002990000144
00264941440004690000144
00264941240005590000144
00264928210003890000144
00264194320001690000144
00264908050001280000144
00264908550001580000144
00264945250003680000144
00264775010001110000144
00264220370000830000144
00264959410001510000144
00264959820003380000144
00264959420003439800144
00264757810005490000144
00264553532001390000144
00264901195000940000144
00264194020001370000144
00264194010001700000144
00264763500000800000144
00264765200001580000144
00264763800000780000144
00264786500001680000144
00264191500001929800144
00264191507001875000144
00264778000000880000144
00264780210000979800144
00264780200000672000144
00264780000000460000144
00264220100000680000144
00264400055000280000144
00264180032001580000144
00264220150000710000144
00264400155000380000144
00264220110000680000144
00264780010000970000144
00264180031002080000144
00264780510001130000144
00264180036003580000144
00264955810000911600144
00264928540005490000144
00264928640006490000144
00264928940004970000144
00264928340004740000144
00264928740006670000144
00264929040005979800144
00264934155003797000144
00264936155003840000144
00264785000000480000144
00264210100000680000144
00264920055000200000144
00264920555000748800144
00264210150000780000144
00264785020000880000144
00264920155000280000144
00264210110000680000144
55390047510000900000144
55390018301000523200144
55390046001000174400144
55390061320000850000144
55390061210000426000144
55390022604001210200144
55390022602000549800144
55390022502000588800144
55390010205000526600144
55390050002000125700144
55390050005000135600144
55390050010000443200144
55390078410000679300144
55390028110012500000144
55390040320000113300144
55390040420000122100144
55390011299001123500144
55390011250000665000144
55390060502000486400144
55390013301000193800144
55390013401000387600144
55390056530001811100144
55390056505000317600144
55390056510000635200144
55390056090000287500144
55390023510000966100144
55390023110000899900144
55390023801001330000144
55390023610001650000144
55390023210001720000144
55390023701000399300144
55390023301000399300144
55390001010000290700144
55390076210001759900144
55390076320002083300144
55390002701000092500144
55390002910000099900144
55390002601000281200144
55390046505000068700144
55390041010000079500144
55390000410005650000036
55390041301001190000144
55390041205000468700144
55390041305000595300144
55390041201000595300144
55390048001000286600144
55390048110001978000144
55390048101000286600144
55390048102000287500144
55390013020000038700144
55390013040000077500144
55390005210000335200144
55390005301000101700144
55390005401000175000144
55390000901000175800144
55390003210000356200144
55390003310000425000144
55390003410000535200144
55390025201001193700144
55390025301002334300144
55390025101000430000144
55390011450003250000060
55390011420001350000096
55390012701001181200144
55390012901003990000048
55390010710000048500144
55390003010000954400144
55390003710000600700144
55390003910000930200144
55390009110000823500144
24208041110000389200288
24208041115000584300288
24208041105000194700288
24208036715000237300288
24208036705000088500288
24208034205000926700288
24208072002000111900288
24208034425000280500288
24208039830000291100288
24208039915000251800288
24208029905000246000024
24208063110000141600288
24208063562000141600288
27208079062000182900288
27208071510000155500288
24208071506000213900288
24208071502000105700288
24208031710000155100288
24208031705000115300288
00015301020001294200024
00015306301002437500048
00015050401001682500072
00015050302031739600024
00003083050000429800048
00015356303014524400048
00015300220001299800144
00015300120000417600288
00015347630001742700360
00015347911003799800108
00015347530000458700252
00015309520000149800096
00015308420000187500144
62794020293000388000432
62794020493000440900432
62794020693000449900144
57664027308000027500288
57664027408000040700288
57664027508000062500288
57664034288000104400288
57664022108000130500288
57664021908000091200288
57664022008000102500288
57664016718000411700288
57664016708000047100288
57664016608000036400288
57664022208000045800288
57664022213000182300288
57664039108000229400288
57664017508001173500288
57664010308000029400288
57664010313000129400288
57664010508000041200288
57664010513000164700288
57664037708000149800288
61772059081000700000012
49502069703000040201440
49502069733000046801440
49502069760000093701440
49502068912000226600480
49502068902000120700960
49502078530000204200480
49502078615000178500480
49502068503000070202400
49502068533000084201200
49502068560000168401440
49502082003000117600480
49502082005000117600480
49502083050000129400480
49502083003000117600480
49502083005000117600480
49502081003000117600480
49502081005000117600480
00056017675000479400060
00056016875000520800020
00056018975000099800010
00185074901001437700144
00185525410005960700144
00185525401000576000144
00185405701000131300144
00185006310000283700144
00185006301000054800144
00185006410000635800144
00185006510000837000144
00185006501000095600144
00185064710004117600144
00185500010005460700144
00185500001000574800144
00185002410000929300144
00185002405000686000144
00185014405002087000144
00185014460000294800144
00185070101000078100144
00185070105000360600144
00185070701000078100144
00185070730000028600144
00185070130000028600144
00185070405000360600144
00185070401000078100144
00185070430000028600144
00185077130000257000144
00185077401000853400144
00185077430000257000144
00185077101000853400144
00185012801000098800144
00185012805000490600144
00185012901000131100144
00185012905000618800144
00185013001000169800144
00185013005000799600144
00185072401000152200144
00185072405000680300144
00185093998000550200144
00185094098000552500144
00185076053000449900144
00185064901000031100096
00185081001001550600144
00185081052001705800144
00185081053000367300144
00185080501000386200144
00185017201000198700144
00185014701000049000144
00185011401000044000144
00185021401000072000144
00185015101000170600144
00185012701000044000144
00185013905001807100144
00185008510000775100144
00185008501000084700144
00185015701000581300144
00185015705002756300144
00185001701000456300144
00185002701000499900144
00185002705002374400144
00185061505000349500144
00185061305000273600144
00185435001000060100144
00185001001000192800144
00185011701000237800144
00185011801000320200144
00185740085000780000072
00185710001000128100144
00185015201000193700144
00185017301000209600144
00185010110000929800144
00185010101000106400144
00185002501000052800144
00185010210001404400144
00185010201000149800144
00185010301000199300144
00185010401000233100144
00185540010000734300144
00185540001000079800144
00185007001000262500144
00185007060000162500144
00185007201000437400144
00185007401000775000144
00185007460000499800144
00185022105000737500144
00185022101000158100144
00185021301000116800144
00185021305000545000144
00185021501000128100144
00185021505000607500144
00185021001000381300144
00185020501000232500144
00185002030000067500144
00185021230000107500144
00185022230000155200144
00185014501000712400144
00185014505003312500144
00185014601000843800144
00185014605003925000144
00185003901001687500144
00185003930000583100144
00185123560000073400144
00185517460000067600144
00185123501000102200144
00185123560000073400144
00185121760000093600144
00185015005003187500144
00185015060000412500144
00185030001001325000144
00185030030000421900144
00185071301000189300144
00185071305001114300144
00185071401000228700144
00185014101000501200144
00185434601000157700144
00185104701000293700144
00185079930000406300144
00185079901001355100144
00185017001000234300144
00185017701000276900144
00185017401000387500144
00185017101000182500144
00185017105001451800144
00185210001000239200144
00185210005001046100144
00185031110000687500144
00185031101000100900144
00641139735000618800012
00641141035000295900060
00641041025000259600012
00008074601000762500012
00641149635000529900096
00031789011000176000012
58177022304000280100720
58177089007000144500720
58177035020000175600720
58177001904000115400720
58177002004000107800720
58177026504000249600720
58177026508001185800720
58177030904000274600720
58177030908001304500720
58177026404000187700720
58177026408000891600720
58177004423000149900720
58177000204000736300720
58177026622000034400720
58177026722000035300720
58177026822000045600720
58177026604000087900720
58177026704000087900720
58177026804000099800720
58177026904000118800720
58177083537000053500720
58177080402000291100720
58177021304000065300720
58177020804000075500720
58177021404000066200720
58177027617000139400720
58177027717000155300720
58177022704000265900720
58177042604000294900720
58177090607000142300720
58177080302000196600720
58177080202000178500720
58177080102000178500720
58177042304000394500360
58177001704000135400720
58177023704000135400720
58177027404000065900720
58177025504000070700720
58177020104000427500720
58177022204000142500720
58177022211000367700720
58177023804000128300720
58177023811000278800720
58177030104000255700720
58177030204000179800720
58177030304000227100720
58177032220000124800720
58177025811000137700720
58177025711000137700720
58177022504000073100720
58177031705000090800720
58177032904000113900720
58177032811000160700720
58177000404000083000720
58177000403000061000720
58177000504000088100720
58177000503000063300720
58177000603000085200720
58177032304000043100720
58177032404000043100720
58177032418000097800720
58177032504000043100720
58177002904000385800720
58177003004000571800720
58177003104000161300720
58177003106000376700720
58177002804000477300720
58177004904000536800720
58177005004000597500720
58177000111000172600720
58177020209001800500720
58177020211000301500720
58177000109001212400720
58177000104000135100720
58177000108000641900720
58177020204000199500720
58177020208000947600720
58177091005000156700720
58177021211000139800720
58177031604000143700720
58177021611000108300720
58177027511000141500720
58177033104000717300720
58177033111001017000720
58177033204000906500480
58177033304001771800720
58177004504000111600720
58177004604000103100720
58177003704000513600720
58177029211000151900720
61314030302000020600360
61314030301000018200360
61314023810000219800360
61314023815000328400360
61314023805000116500360
61314023710000164700360
61314023510000035200360
61314023515000058800360
61314023505000028800360
61314032810000077400360
61314063305000016800360
61314022910000059800360
61314022915000071800360
61314022905000034900360
61314044705000084100360
61314063136000024300720
61314063006000021100720
61314064610000162500720
61314064510000162500720
61314020315000018700720
61314020415000028100720
61314020615000040600720
61314020815000072700720
61314063710000096800360
61314063715000138700360
61314063705000058100360
61314001601000047900360
61314022610000037500360
61314022615000049300360
61314022605000024900360
61314022710000042500360
61314022715000053100360
61314022705000032500360
61314064305000020000360
61314004475000596300360
61314062810000031200360
61314035401000073500360
55566503001001430000048
61703020431000978700720
61703031332002602000720
61703030436000209700144
61703023322000079800012
00496077804000319900999
00496080004000355600999
00496082904000462300144
00496081002000057100144
00496083645000110000144
00496084502000206600144
00496043402000545800144
00496038202000346300144
00496052002000112300144
00496080215000186700999
00496080245000400800999
00496082115000235500999
00496082145000505100999
00496080315000186700999
00496080345000400800999
00496080420000269800288
00496080460000557800720
00496071604000240500999
00496071603000384500999
00496071704000269100999
00496071703000430400999
00496072906000334800999
00496072904000570400999
00496072903000930300999
00496072606000392700999
00496072604000639800999
00496076304000249800999
00496077704000284000999
00496074815000040900144
00496074804000107200144
00496074803000172600144
00496081930000059900144
00496081901000132200144
00115703701001094200360
00115705606000618500360
00115703301000557300360
00115703501000176500360
00115703505000412700360
00115703601000272700360
00115703605000663900360
00115702401000606400360
00115702405001476000360
00115704001000425900360
00115702301000526900360
00115705501000628100360
00115704201000378200360
00115704101000589900360
00115704301000657400360
00115704302002715500360
00115201101000142400360
00115201102000676400360
00115702901000190400720
00115261101000309400360
00115262201000445200360
00015564533001676400288
00015564633001764700288
00015564515000522200288
00015564897000599900288
00015564615000548900288
00015302397001255500288
00015302097000944400240
00015710028001144302400
00015740589000363502400
00015740520000355602400
00015740320000135602400
00781150710001310000048
00781107810000450000624
00781150610000505900144
59772727104000517600432
00781171801000340400036
00781171901000452300096
00781204701000430100038
00781143701000082400048
00781504210012675400720
00781504010011579400720
00781504110012088800720
00781139801001562500030
00781139310000687500078
00781139601000202900144
00781176410001653500048
00781176610003850000048
00781121060000626500072
00781121360000811700048
00781107101000213100082
00781176005000926700026
00781307075000422100720
00015722518000259700720
00015722618000436000720
00015722620000427300720
00015798189000267401440
00015798199000259701440
00015797018000505801440
00781104601000105000110
59772691002000937501000
59772691001000100002797
00781183001000368000354
00781183201000568600144
00781205401000770700048
00781205101000770700048
00781205201000770700048
00781205301000770700048
00781164410003129400048
00003272510000844001200
00781207410000505800144
00781207401000073800600
00781103401000474500060
59762372707000988201100
59762737802000141100120
59762737902000194100520
59762738002000258800520
59762374202000084700440
59762374005000699800072
59762374001000088200144
59762374101000111700370
59762332702000140000288
58160085611001501709999
58160085650003835209999
58160085716011785400024
58160085701000481609999
58160085646000757609999
58160085746002359909999
00173041300006037400048
00173034414003917600120
00173044200002061900100
59417012020000784200144
50383080416000105000288
50383074225000056600288
50383074120000049900288
50383074016000137500288
50383080716000175000288
50383059316000087500288
50383057601000039200288
50383057516000089100288
50383005008000055000144
50383013516000116600288
50383079616000075000288
50383079516000075000288
50383077908000054100288
50383077932000141600288
50383084216000625000288
50383062550000020600288
50383063450000020600288
50383063350000007800024
50383064250000020600288
50383064150000020600288
50383063250000020600288
50383080316000079300288
50383080916000999900288
50383078530000020500288
50383065650000033200288
50383082416000281200288
50383082316000281200288
50383086304000750000288
50383062850000020600288
50383063750000020600288
50383063650000020600288
50383063550000020600288
50383079216000133300288
59630020510001133700036
00187038231000194200012
00187040355000779700096
00548333900000205200576
00548333800000224000576
00548103900000695800576
00548203900000670800576
00548400300000530200576
00548100400000533300576
00548200400000592700576
00548331500000276500576
00548101500000667700576
00548330100000249000576
00548200100000652100576
00548100100000592700576
00548139000000489600576
00548402500000561500576
00548331600000199000576
00548101400000704900576
00548906100000029600576
00548101600000534300576
00548201600000539600576
00548143100000624000576
00548119200000561500576
00548107800000389600576
00548108000000467700576
00548107900000420800576
00548108100000545800576
00548301500001827100576
00548301200001280200576
00548339000000205200576
00548119000000468900576
00548301100001280200576
00548301300001561500576
00548219000000446200576
00548630000001249000576
00548103400000936500576
00548336600000217700576
00548146600000540200576
00548146900002704900576
00548336900001124000576
00548400900000186500576
00548830125000139600576
00548124000001061500576
00548114000000964000576
00548333100000255200576
00548330200000255200576
00548200200000695800576
00548100200000780200576
00548105200000624000576
00548205200000622600576
00548400100000514300576
00548400500000577100576
00258358110000870503000
00258358105000719800048
00258358310000752802168
00258358301000190500384
00172398460000155000360
00172398560000221800360
00182069101000159900360
00182069105000741800360
00182069201000147200360
00182068101000163200360
00182068105000775100360
00172392760000048300360
00172392770000234300360
00172392560000034000360
00172392570000146600360
00172392680000302500360
00172392660000036400360
00172392670000176500360
00172403660000268900360
00172403760000321300360
00172480560000413000360
00172480570002021800360
00172480660000955100360
00172498080000791100360
00172498060000122200360
00172396680000681300360
00182076345000067500360
00182166211000028500360
00182147340000027500360
00182147337000011900360
00182700111000032700360
00182100010000058700360
00182100019000011200360
00182844789000036400360
00182845389000039300360
00182109511000026500360
00182001301000024100360
00172426660000093100360
00182266689000144800360
00182820089000195900360
00172426760000126900360
00172426770000615700360
00172426860000283600360
00182266789000375900360
00182600439000017800360
00182080939000014000360
00172439018000050004800
00172640544000048000360
00172640549000112700360
00182601465000049800360
00182117533000014500360
00182148189000062800360
00182148289000102100360
00172740128000269202880
00172740520000140502880
00172740522000190002880
00172740521000275002880
00172740620000272502880
00172740622000367502880
00172740621000532502880
00172740228000504502880
00172740342000544302880
00172740442000665602880
00182113920000021200360
00182616139000018200360
00182616039000014700360
00182113694000023200360
00182108211000016700360
00182506434000018700360
00182446619000036100360
00182505882000021100360
00182044901000021100360
00182106105000043700360
00182105801000022000360
00182106001000022800360
00182152801000039900360
00182000301000016700360
00182170401000039900360
00182006810000211300360
00182006801000019300360
00182006802000053200360
00182006889000039900360
00182044410000061100360
00182044401000009800360
00182044810000106500360
00182044801000016500360
00182044889000031100360
00182074767000029200360
00182609567000030500360
00182020833000031900360
00182020830000151600360
00182020834000055200360
00172409760000299800108
00182129989000159100360
00182170089000156300360
00182170189000198900360
00182406001000018500360
00182853489000028400360
00182602240000116500360
00182190910000129900360
00182190901000016700360
00172423260000094101440
00172423380001291100024
00172423360000135100720
00172423480004479200360
00172423460000176501200
00172566460000099300360
00172566470000792000360
00172566410000143100360
00172566560000215100360
00172566360000126700360
00172566370000349300360
00172566310000131200360
00182414005000066500360
00182414026000016900360
00182414126000017900360
00182415101000037200360
00182036201000022000360
00182415601000031700360
00182415501000023400360
00182603037000010600360
00182512952000057400360
00172251560000094800360
00172502560000187900360
00182133189000259400360
00182123389000134100360
00182194989000860600360
00172477223000074300360
00172477222000038500360
00172477321000074300360
00172477060000268200360
00172477423000128800360
00172477422000072500360
00172477521000143200360
00172477520000072800360
00172477160000510500360
00172419460003401100360
00172405948002576500360
00172405843000414700360
00172405848000525000360
00172407360000108800360
00172407370000423400360
00172407460000146500360
00172407470000658703372
00182614244000035900360
00182408801000005900036
00182408926000025200360
00182415826000025300360
00182416210000270500360
00182416201000037300360
00182142095000008000360
00182047110000047900360
00182047101000011800360
00182189901000205000360
00182189501000249400360
00182416601000050900360
00182266017000023900360
00182266019000037200360
00172711760000095100360
00172711770000400800360
00172717160000114000360
00172717170000455500360
00172717149000080000360
00172771160000206700360
00172771146000093200360
00182509533000026000360
00182509534000039800360
00182503160000053200360
00172436060001376500360
00182002001000025600360
00172640659000235300360
00172640649000132700360
00182191989000074400360
00172292980002032700360
00172292960000237500360
00182113289000264000360
00182130205000238500360
00182506651000044500360
00182506652000096800360
00182101501000226000360
00182508757000017200360
00182019501000016700360
00182177440000035200360
00182861689000009900062
00182836389000054900360
00182130201000051100360
00182822189000062500360
00182028710000173200360
00182028701000026400360
00182018201000041700360
00172368560000075500360
00172368660000077500360
00172368670000375800360
00172368760000093800360
00172368770000428900360
00172368860000114600360
00172368870000605300360
00182103589000135600360
00172298570000416500360
00172298548000056800360
00172362670000432500360
00172362648000045500360
00182602464000018700360
00172419780000564800480
00172419760000051300600
00172419580000413600480
00172419560000047500480
00172419860000089200480
00172419680000510100480
00172419660000059200480
00172362149000125000360
00182505631000024800360
00182705137000021500360
00182266214000022500360
00182266217000029200360
00182266219000042200360
00182266222000056400360
00172572860000081900360
00172572870000353800360
00172572810000119900360
00172572960000162100360
00172572970000701000360
00172572910000187500360
00172414160000184500360
00182138167000025200360
00182120140000026900360
00182402901000018400360
00182403010000075700360
00182402901000018500360
00182402810000074900360
00182402889000026500360
00182408201000023200360
00172436380000494400360
00172436360000052500360
00172436370000199900012
00172451080000494400360
00172451060000052500360
00172451070000254900360
00172435680000494400360
00172435660000052500360
00172435670000254900360
00172436260000136000360
00172496058001906500360
00172496070005340600360
00172439260000858700360
00172439160000584000360
00182050710000694100360
00182050789000106300360
00182430901000013500360
00182431401000026500360
00182431501000028600360
00172290860000049900360
00182117089000075200360
00172290760000053500360
00182116189000074000360
00182038501000028400360
00182195689000282500360
00182160516000012800360
00182160598000022500144
00182145501000023900360
00182202219000026400168
00182209201000023400360
00182209216000011900360
00182209116000010700360
00182200137000010500360
00182147764000013500360
00182158517000010500360
00182147237000013600360
00182214717000011200360
00182214637000014500360
00182214516000013500360
00182215201000018500360
00182215219000013200360
00182215401000034000360
00182145701000016500360
00182145916000008900347
00182147116000010900360
00182144466000012900360
00182144464000011500360
00182141329000028600360
00182141726000019500360
00182141826000004800024
00182146001000022500360
00182219166000023900360
00182146639000026900360
00182222001000031100360
00182223637000013900360
00182014110000079900360
00182014101000009200360
00182183210000118000360
00182183201000018900360
00182145310000106500360
00182145301000018900360
00182000601000045200360
00182169233000012000360
00182151376000031200360
00182151378000038500360
00182151476000031200360
00182724432000058500360
00182240101000030000360
00182240119000018800360
00182605440000049200360
00182407026000052800360
00172365060000106500360
00172365070000456400360
00182199589000129200360
00172364960000070500360
00172364970000301800360
00182199489000091200360
00182409507000188100360
00182404826000053700360
00182261401000055700360
00172422760001191100360
00182025940000024200360
00182025937000010500360
00182001737000019900360
00182137840000078400360
00182432906000038900360
00182605971000086800360
00182703811000026300360
00182703816000030400360
00182039401000049800360
00182090589000036600360
00182055489000053000360
00182055589000076400360
00182616840000023900360
00182616837000009900360
00172248560000335300360
00172208380000329900360
00172208360000040800360
00182055689000091300360
00172208960000080100360
00172208985003326900360
00182055789000128800360
00182506034000015900360
00172291160000058600360
00172291170000271500360
00182109889000070500360
00172290960000072000360
00182109989000102500360
00182137640000059300360
00182160701000048000360
00182199301000125000360
00182103910000171600360
00182103901000022500360
00182103916000009200360
00182103902000046700360
00182868889000042700360
00182180989000076300360
00182181089000086500360
00182129789000106100360
00182095534000026600360
00172426280000330400360
00172426260000038500360
00172425980000284200360
00172425960000042800360
00182261089000070000360
00172402980000571900360
00172402960000063600360
00182168189000081300360
00172403060000075800360
00172403070000360600360
00182168289000080000360
00172640744000100000360
00172640749000213300360
00182051489000032800360
00182086889000037900360
00182055089000036700360
00172436470000779800360
00172436660000359800200
00182607240000065300360
00182607558000129500360
00182138026000042900360
00182315499001596900360
00182616743000029900360
00182616737000047400360
00182616799000073600360
00172503370000894400360
00172503310000202000360
00172503410002410600360
00172503260000254100360
00172375960000153100360
00172375970000732300360
00172375910000173800360
00172375760000073100360
00172375710000092400360
00172376080001980600360
00172376060000220600360
00172376070001017600360
00172376010000245600360
00172376260000270500096
00172376270001536500360
00172376170001735200360
00172375880000872500360
00172375870000558500360
00172375810000141900360
00172376210000337100360
00182438501000027200360
00182057101000032500360
00182508801000032800360
00182186489000569400360
00172293180001302200360
00172293160000141100360
00172293260000252300360
00172293270001162600360
00182178989000146900360
00182608240000058800360
00182133089000126800360
00172300760000168900360
00182507460000041200360
00182083339000012400360
00182083340000015100360
00182083341000091900360
00182608439000013900360
00182608440000014100360
00172443059000642800360
00172443160000763400360
00172443049000326900360
00172443149000468600360
00182507945000085700360
00182143711000008700360
00182615140000046900360
00172423860000582800360
00172423960000633800360
00172423560000222600360
00172423570001019600360
00172423660000261400360
00172423760000305800360
00182110616000027200360
00182110619000043100360
00182109716000026500360
00182109719000042500360
00182613577000011900360
00182601337000025300360
00182000101000013200360
00182081101000036000360
00182440401000018800360
00182441810000329100360
00182441801000048800360
00182441701000028700360
00182440501000029500360
00182005301000012900360
00172428860000065500360
00172428960000150300360
00182113193000039900360
00182194589001536400360
00182194489000915200360
00182070289000056400360
00182070389000086300360
00182167089000077300360
00172562360000864100360
00172562460001539800360
00172562310001908100360
00182442810000133200360
00182442801000018500360
00182442889000033300360
00182444001000022100360
00182443610000263400360
00182443601000038000360
00172375675002766600360
00172375377005533300144
00182128989000134100360
00182157610000149900720
00182157607000021200720
00182157626000017900360
00182041810000084100360
00182041801000012200360
00182443910000142400360
00182443907000023901440
00182443926000013902880
00182620558000023900360
00182615537000020300360
00182620658000023900360
00182620758000023900360
00182015010000213200360
00182015001000030300360
00182090401000086800360
00182102710000164000360
00182102701000023600360
00172205760000180900360
00182181144000014500360
00182109117000018800360
00182609667000027600360
00182184005000266700360
00182076740000049200360
00172406760000129400360
00172406765000317000360
00172406880002272700360
00172406860000264800360
00172406865000616000360
00172406960000419100360
00172406965001026900360
00172406970001894200360
00182133489000061200360
00182108689000092000360
00182020189000049800360
00172234560000442100360
00172234760000691200360
00172369160000093200360
00182821189000172700360
00172369060000066700360
00182821089000124000360
00182512334000026100360
00182512343000033900360
00182181289000043200360
00182181389000042100360
00182181489000043200360
00182008701000023400360
00182008601000014000360
00172417160000509600360
00172300160000252800288
00172300170001141200288
00172417280005936300360
00172417260000285800360
00182266123000023600360
00182266117000046900360
00182266126000078500360
00182199210000098500360
00182199201000018800360
00182180289000102300360
00182180389000128000360
00182407726000053700360
00182113801000022000360
00182109310000169900360
00182109301000021701440
00182111310000519801440
00182864289000079901440
00182407926000047900360
00182448726000031200360
00182448126000031200360
00182449126000042500360
00172221880000563200360
00172221860000248800360
00182450526000053300360
00172565680002363300360
00172565658000443200360
00172565670001206000360
00172565649000150900360
00172565760000492200360
00172565770002412000360
00182708264000023500360
00182154364000015500360
00172241680000352901200
00172241660000056300360
00182011289000055700360
00172240780000730200360
00172240760000085300360
00182067989000083300360
00182140089000621900360
00182602044000019900360
00182601940000024100360
00182451910000258500360
00182451906000042500360
00182451989000050500360
00182451810000249600360
00182451806000037200360
00182451889000042500360
00182610737000038000360
00182004710000159900360
00182004701000018500360
00172297980002997600360
00172297960000325000360
00172298060000593400360
00182503834000017000360
00182166760000018700360
00182126089000121200360
00182125989000079600360
00182121745000098700360
00182121753000022800360
00182139545000123200360
00182506851000027700360
00182187289000064100360
00182142723000031100360
00182139601000215200360
00182512233000009800360
00182512234000036200360
00182023230000352800360
00182160937000017300360
00182175401000274000360
00182130189000087900360
00172428060000305800120
00182130089000063100360
00182094101000047500360
00182101701000032700360
00182405901000017400360
00182411001000047500360
00182410901000040400360
00182007901000025500360
00182008201000034600360
00182108134000042400360
00182140726000035600360
00182114801000019900360
00182095245000091900360
00182095243000014000360
62175012937000199400144
62175010601000236800144
62175010701000124800144
62175011432000692900144
00527155201000565200360
00527131201000904300360
00527117010000416600360
00527117001000043800360
00527105001000104400360
00527058610000366600360
00527058601000038800360
00527128210000444300360
00527128201000049800360
00527132410000912500360
00527132401000121600360
00527132510000912500360
00527132501000121600360
00527120110000739100360
00527123110004065200360
00527123101000488800360
00527130101000302200360
53885019850000337600012
53885024450000399900072
64365050201017005000100
00406048310000680400144
00406048301000073200288
00406048410000856500144
00406048401000092100288
00406048420000043400144
00406048403000064800144
00406048450000079000144
00406048501000183600144
00406048505000854400144
00406036701000264300288
00406036705001255500288
00406036762000684700144
00406036305000918100144
00406036301000197500600
00406036362000403600144
00406036101000080400600
00406036105000357500600
00406036201000247800600
00406035701000042500288
00406035705000202200288
00406435701000118400288
00406035762000087600288
00406035801000067500480
00406037516000191200144
00406035805000286600288
00406035862000181800144
00406035901000065700144
00406035905000292800144
00406036001000069100144
00406036005000277200144
00406155201000169500144
00406155401000290700144
00406155801000541000144
00406177201000077200144
00406177205000358600144
00406172101000077200144
00406172105000358600144
00406046310000959900144
00406046301000105900144
00019125201002124800288
00406097001000128500288
00406097005000597300288
00406066101000056500288
00406066105000222600144
00406066701000169500144
00406066301000056500288
00406066303000042300288
00406066305000263000144
00406066362000219200144
00019480601002250000288
00019550510012990000288
00019550506009990000288
00019550508007400000288
00019550521015990000288
00019550551002250000288
00019265703001646900288
00019601195002690000288
00019131707001890000288
00019131711002690000288
00019131709002990000288
00019131715003890000288
00406117001001945100360
00406117003000583400360
00406117704003624000072
00406117706005436000072
00406117708008230000072
00019117710003866600072
00019117715005411600072
00019117720007386700072
00019117730015580000072
00019133275005490000072
00019133221009990000072
00019132383009590000072
00019132302004990000072
00019801104002490000288
00019801106003250000288
00019900101002990000288
00019800099003290000288
00019801103003250000288
00019601590003990000288
00406717162000140400144
00406717101000070200144
00406717105000343200144
00406886916000519800144
00406886944000718200144
00406886701000707100288
99207049910002670000700
99207051113000262601400
99207051114000364103725
99207051117000610703000
99207050714000364001600
99207050717000610600700
99207051313000262600500
99207001530000365309999
99207001330000365302800
99207001345000542809999
99207025510000531300600
99207074330000462709999
99207050413000218900720
99207050117000514900800
99207020901000267501800
99207020812000255400132
53014083571001074501598
53014097571001026004800
53014085071001166004800
00006489800003086802880
00006499200001149409999
00006499541004656902880
00006499500000476809999
00006498100001444302880
00006498000000155409999
00006483141002772302880
00006483100000298002880
00006484141005286001440
00006484100000528602880
06157058510002244100144
06157058210002288300144
61570031311000283300670
61570014210004799900144
61570014010002226900144
61570014310002317900144
61570014110002226900144
61570013910001134600144
61570014410002317900144
61570014710002793600144
61570014610001613000144
61570014810005724500144
61570020401003189400048
61570003675000465409999
61570018001000515200144
61570018201001204400144
61570007550000482200288
61570004750005250000180
61570008510000845300144
55370055709000751300288
55370055707000083600720
55370055509001017700288
55370055507000113400720
55370055607000236800720
55370055608001124800288
55370088613000014501440
55370088614000018401440
55370088680000013201440
55370088407000043101440
55370088408000168100720
55370088714000022701440
55370088780000015601440
55370088507000073601880
55370088508000278800720
55370088213000022701440
55370088240000044101440
55370088007000087601440
55370088008000379800960
55370088313000038501440
55370088340000076901440
55370088107000122000216
67253030010000100100600
67253030050000348700720
67253030110000140600720
67253030150000649800720
67253034010000051100960
55370020202000399800480
55370020204000933300480
67253034050000190700288
67253034110000060800960
67253034150000232100480
67253034225000263800720
67253034210000118400480
67253038411000677801440
67253038410000075501440
67253038511000701801440
67253038510000078201440
67253038611000758401440
67253038610000084501440
67253038711001254801440
67253038710000139801440
55370014609001335100288
55370014607000156701440
55370014608000702700480
55370014709001426200288
55370014707000034901440
55370014708000156300720
55370050607000081201440
55370050608000338700650
67253046211000616200288
55370055807000236801440
67253062011000518800288
67253062010000057801440
67253062111000637800288
67253062110000071101440
67253062210000087501440
67253062250000392800480
00005509331003724200144
59911588601000173600720
59911325401000062401440
00378027701000666900288
00378021101000499200288
00378007001000545000288
00378003001000242200288
00378003005001148800288
00378004001000335600288
00378004005001596600288
00378441501000080900288
00378441505000388500288
00378443001000104900288
00378013001000101200288
00378041501000237500288
00378041510001765400288
00378120001000276100288
00378140001000410400288
00378220001000218000288
00378220005001036100288
00378025301000302100288
00378030201000665200288
00378013710000581400288
00378013701000064900288
00378018101000125900288
00378018105000597800288
00378057701000048300288
00378057705000229600288
00378267501000092000288
00378206401000136700288
00378206301000089600288
00378050101000149800144
00378050501000149800144
00378050301000149800144
00378037001000181700288
00378041701000245700288
00378043501000269400480
00378043301000229100480
00378115001000104100288
00378116591000122200288
00378117591000618700288
00378114001000069500288
00378302201000130400288
00378300710000296400288
00378300701000034200288
00378301201000044000432
00378301710000614800072
00378301701000070200288
00378008101000094800288
00378008301000094800288
00378008401000189600288
00378008601000189600288
00378019701000120800288
00378019705000539600288
00378021010002012500288
00378021001000197200288
00378005301000084400288
00378031701000089600288
00378031705000428700288
00378037201000103700288
00378037205000501400288
00378054101000191300288
00378302501000122200288
00378305001000191800288
00378307501000296200288
00378015201000068300288
00378018610000844400288
00378086001001920100144
00378082501000745100144
00378086005009120100144
00378075110001352900432
00378075101000195900144
00378161005000283300360
00378162001000066000288
00378162005000314600288
00378522001000391200288
00378522005001868700288
00378052501000159800144
00378528001000499200288
00378528005002371200288
00378534001000559800144
00378534005002999800144
00378002301000049800144
00378002305000219800144
00378606001000399800144
00378004501000079800144
00378004505000379800144
00378013501000114800144
00378013505000569800144
00378402101000177500288
00378402801000195500288
00378641010001192800288
00378641001000133600288
00378104910000458800288
00378104901000049800288
00378312510000069200288
00378312501000060700288
00378425010000792100288
00378425001000088700288
00378537510000937500288
00378537501000104100288
00378072301000328400144
00378105310002449800144
00378105301000259800144
00378105101000189000144
00378105105000919100144
00378105401000359100144
00378105405001744400144
00378071201000276300144
00378105210002334600144
00378105201000240200144
00378145201000089600288
00378145401000110200288
00378145405000523500288
00378145801000153000288
00378335099000159800288
00378335299000171000288
00378455101000155000288
00378455301000172500288
00378302001000310500288
00378304001000600000288
00378851001001432500288
00378851501001971300288
00378850501000913500288
00378421001000159300288
00378609701000273700288
00378609705001350000288
00378600401000093700288
00378600405000450000288
00378600901000138700288
00378600905000675000288
00378607401000183700288
00378607405000900000288
00378009301000220500288
00378009305001140000288
00378007601000144700288
00378041401001484600288
00378040701001295200288
00378041201001447500288
00378021610000467700144
00378111001000089800144
00378111005000399800144
00378110501000059800144
00378111301000133100228
00378112510001575000288
00378112501000168700288
00378114201000200000144
00378116001000262500288
00378119001000360000288
00378037301000294800144
00378081001000266400288
00378006901000067600288
00378006905000275700288
00378008010000628700288
00378008001000075600288
00378026101000832500288
00378820001001538500288
00378407001000119800288
00378575001000140600288
00378113401000390000288
00378180901000168000288
00378181101000194100288
00378181301000197400288
00378181701000241100288
00378182101000337800288
00378180301000161100288
00378180501000164000288
00378101201000179100288
00378201201000275700288
00378207410001344400576
00378207401000149800720
00378207201000073800720
00378207510002118200576
00378207501000235900720
00378207701000332500720
00378207601000422200720
00378210001000069800480
00378210005000349800144
00378651091000325600480
00378652005004565100288
00378652091000626400288
00378654005007342700288
00378654091000928900480
00378300001000489000288
00378300005001534800288
00378215001000231000288
00378024001000312400288
00378024401000452500060
00378001401000358400288
00378003210000411800288
00378003201000047200288
00378190201001581400288
00378351593000199800144
00378353093000229800144
00378354593000249800144
00378002801000099800144
00378117110001499800144
00378117101000169800144
00378113210002109800144
00378113201000249800144
00378037701000084300288
00378037705000419000288
00378055501000104100288
00378055505000509200288
00378045101000125400288
00378045105000590100288
00378205291000250000288
00378205491000259000288
00378102005000892700288
00378102077000098500288
00378143005001418900288
00378143077000292600288
00378347530002987200288
00378348230004690200288
00378515005004734700288
00378530093000577700288
00378335601000600000288
00378335401000412500288
00378335801000809100288
00378335805002984700288
00378035705000699800144
00378156010001992700288
00378156001000221400288
00378012701000125200288
00378005201000100800288
00378101001000059200288
00378202005000307000288
00378015601000422500288
00378511001000147100288
00378510501000125000288
00378225291000313800288
00378201191000120100288
00378014405001686200288
00378014491000256500288
00378027401000962100288
00378027493000297400288
00378157001000505500288
00378226001000505500288
00378226401000505500288
00378226801000505500288
00378061810003018400288
00378061801000324600288
00378061210001340100288
00378061201000141400288
00378061410001840600288
00378061401000195700288
00378061610002344000288
00378061601000250900288
00378501010002547200288
00378501001000262500288
00378100101000089600288
00378200210001165500288
00378200201000120100288
00378300510001856400288
00378072219000798700288
00378415101000391800288
00378415105001959700288
00378253710001529700288
00378253701000159000288
00378135201000153000288
00378135205000743900288
00378638001000551000288
00378041101000270507000
00378041105001352903000
00169777011005741100600
00169776811001913600600
00169183411000236400050
00169183311000236400050
00169347318000716600160
00407074604001283500144
00407076604001321600360
00407077802002666600360
00407077604001579100360
00407074920001625000360
00407140150001861600360
00407141110002850000360
00407141107001578800360
00407141120003182000360
00407141260003905800360
00407141233004590000144
00407141207001720000360
00407141249005338600360
00407141235007990000144
00407141220003666600360
00407141224002631500360
00407141252003500000360
00407141210002849900360
00407141250002677700360
00407141253005010000360
00407141234005990000144
00407141251002662500360
00407141362004990000144
00407141360004408500360
00407141363004990000360
00407141353005042100360
00407141390006430000360
00407141365006990000144
00407141366008990000144
00407141351002929800360
00407141310002700500360
00407141330002727200360
00407141350003203000360
00407141491005990000144
00407141493007990000144
00407141494008990000144
00407141367011990000144
00407141497012990000144
00407141450002940500360
00407140151002158000360
00407069010004444400360
00407069015006250000360
00407069020008238600360
00407069012005559100144
00407069017007090700144
00407069022008972100144
00407069062007218500144
00407069063009392500144
00407069011005044700144
00407069016007218600144
00407222214013133100360
00407222202007010000360
00407222217007990000144
00407222203010234700360
00407222219010990000144
00407222204012709700360
00407222221012990000144
00407222222019990000144
00407222201003698100360
00407222302007608600360
00407222317008990000144
00407222303010994300360
00407222319012990000144
00407222304012683700360
00407222321015990000144
00407222322021990000144
00407222301003900200360
00407222306004043900360
00574202007000433900072
00574040405000348200048
49884077110000444102880
49884077101000059802880
49884058701000151302880
49884058801000226802880
49884056501000076402880
49884056601000113802880
49884056701000201802880
49884060210000509802880
49884060201000055702880
49884060310001067102880
49884060301000116702880
49884060305000553602880
49884011710002683602880
49884011701000339602880
49884011705001466102880
49884045805001333000288
49884045802000245602880
49884016401000083602880
49884016510000733802880
49884016501000100702880
49884016610001046902880
49884016601000128702880
49884072501000511702880
49884072505002727502880
49884024601000129102880
49884024605000399800012
49884070154000170102880
49884070155000302302880
49884004310001727802880
49884004301000178102880
49884008310000262202880
49884008301000036902880
49884008610000547902880
49884012903000133002880
49884055210000642502880
49884055201000068002880
49884055310000676302880
49884055301000071102880
49884055410000705402880
49884055401000074302880
49884055510000985902880
49884055501000103802880
49884022110001031002880
49884022101000111602880
49884021710000377902880
49884021701000041802880
49884022201000256402880
49884022205001218902880
49884022203000131002880
49884021810000424902880
49884021801000047502880
49884021910000614402880
49884021901000072902880
49884022010000794602880
49884022001000091202880
49884072704001743002880
49884072703000366902880
49884072601000391402880
49884059301000059702880
49884059101000039102880
49884059410000558700288
49884059401000079802880
49884059210000324100144
49884059201000053602880
49884059601000302302880
49884060810000785202880
49884060801000082602880
49884060811000024602880
49884060910001362202880
49884060901000143402880
49884060911000044902880
49884069501001278702880
49884069601001724202880
49884069401000933902880
49884073410001037002880
49884073401000109102880
49884073482002032602880
49884073411000035202880
49884073510006035402880
49884073501000635302880
49884073582011689702880
49884073511000203302880
49884074301001620902880
49884074311000658202880
49884074305007744402880
49884006401000112102880
49884006405000529102880
49884006101000056602880
49884006105000254202880
49884006201000068002880
49884006205000302302880
49884007601000078702880
49884007605000390502880
49884057201000096302880
49884057301000141402880
49884002701000038802880
49884012110000758902880
49884012101000089302880
49884002910000202402880
49884002901000025702880
49884014301000110602880
49884014305000497602880
49884002710000303902880
49884014401000189402880
49884014501000249302880
49884014405000847602880
49884002810000414002880
49884002801000051702880
49884072401000308602880
49884077701000027802880
49884077705000133302880
49884077801000042002880
49884077805000149002880
49884077901000051301000
49884077905000213401000
49884005410000494100590
49884005401000160602880
49884005510000435300846
49884005501000215302880
49884005610000541200740
49884005601000321202880
49884058910000243702880
49884058901000031402880
49884059010000267702880
49884059001000037102880
49884000910001218302880
49884000901000135302880
49884075601001072900144
49884003410000282502880
49884003401000041702880
49884003510000305002880
49884003501000045002880
49884028901000176602880
49884090738001069702880
49884029001000250402880
49884029004000628602880
49884029005001168702880
49884025801000241302880
49884025901000335202880
49884074001000231202880
49884064101000437802880
49884064001000253102880
49884049059000023502880
49884025701000449402880
49884025705002125902880
49884025601000200302880
49884049801000075102880
49884049805000299802880
49884049901000081902880
49884049905000330602880
49884068201003172500288
49884068301003767500288
49884068401003965000288
49884047301000222502880
49884047305001362202880
49884047201000219302880
49884047205001073502880
49884087701001938000960
49884087911000645802400
49884055001000144402880
49884054901000081602880
49884054410000604502880
49884054401000074802880
49884054405000345902880
49884054402000045202880
49884054501000141002880
49884054504000337002880
49884054511000041402880
49884061002000107102880
49884058310002549102880
49884058301000268302880
49884058410003294102880
49884058401000346702880
49884058510004549002880
49884058501000478802880
49884058210001702002880
49884058201000179102880
49884060040000186602880
49884060036000042502880
49884060057000028902880
49884060058000057102880
49884060085000066002880
49884060140000240002880
49884060136000055502880
49884059911000095302880
49884059905001272002880
49884059902000159002880
49884045312000151102880
49884045305000730602880
49884045412000170002880
49884045405000825102880
50111039301000072100360
50111039403000702700360
50111039401000094800360
50111039503001055800360
50111039501000126900360
50111037201000081000360
50111037303001293400360
50111037301000174400360
50111036401000133100360
50111036203000474400360
50111036201000049900360
50111036303000557100360
50111036301000058600360
50111053001000324100360
50111055003000492600360
50111055001000051100360
50111055002000247800360
50111055103000703100360
50111055101000072200360
50111055102000354600360
50111055104000044800360
50111055201000125900360
50111055210000039600360
50111055202000619000360
50111056303001376500750
50111056301000142600108
50111056302000722700360
50111088542001702200360
50111090943000207601000
50111031403001440100360
50111031401000146700360
50111065101000051300360
50111065201000051300360
50111065202000248800360
50111065301000059300360
50111065302000282400360
50111065401000074200360
50111090101000647500360
50111064703000393300360
50111064701000044700360
50111064702000234600360
50111064803000393300360
50111064801000044700360
50111064844000759700360
50111064802000234600360
50111039803000184400360
50111032703000281100360
50111032803000380200360
50111030703002954200360
50111030701000310900360
50111030702001565400500
50111030803004235300360
50111030801000470700360
50111062101000221500360
50111062102001021000360
50111060801000175100360
50111043003000463100360
50111051701000074800360
50111051702000322100360
50111033301000062700360
50111033306000153000360
50111033302000298500360
50111033402000636900360
50111045603000376400360
50111045601000045400360
50111045602000204800360
50111047301000049000360
50111047401000073600360
50111046703000292700360
50111046803000354300360
50111046903000415900360
50111046901000046100360
50111047001000102700360
50111047101000056400360
50111047102000268300360
50111039002000161000360
50111048302000480600360
50111048201000113100360
50111051801000385400360
50111048203000730200500
50111048202000423400172
50111045903000823401200
50111045901000169800153
50111045902000463100300
50111061603000878700360
05011143403000576900500
05011143302000139300288
05011143402000257600720
05011144102000738200056
05011143303000257600720
50111053401000056300360
50111053402000268300360
50111050501000033100360
50111050502000158800360
50111099001000878800360
00228300550000291600060
00228207650000339400072
00228207750000434400036
00228258809000594500360
00228257709000715000360
00228257809001015000360
00228257909001315400360
00228271350000440800048
00228263506000503200144
00228274215000771200288
00228274115000895200288
54391100201000339801736
63304056210000675000144
63304056201000093500288
63304056101000157000288
63304056105000647500144
63304077201000067800288
63304077205000307100288
63304077310000742800144
63304077301000082100480
63304077305000385700288
63304077401000169500480
63304050401000129800144
63304050501000266200144
63304050901003193700288
63304097704000257700144
63304097701000175400288
63304097904000491000144
63304097903000250400144
63304097901000333500144
63304071320000472900576
63304050920000635200576
63304096904000064800480
63304096903000032500480
63304096901000048000480
63304097004000069200480
63304097003000034500480
63304097001000051500480
63304051401000086000288
63304076020000067800288
63304065401000047500288
63304065405000202500144
63304051501000169600288
63304051504000399800288
63304076101000414600360
63304076120000082900288
63304065501000085000288
63304065505000273500288
63304076220000078100360
63304076301000638800288
63304076320000133700360
63304076305002979800288
63304095402000057500360
63304095504000057500480
63304095503000034300360
63304065801000199800360
63304095602000105000480
63304095601000050600480
63304095704000105000480
63304095703000050600480
63304065901000424800288
63304051250002112500288
63304058201000687500144
63304058250000362500144
63304075120000282400144
63304075220000549800144
63304095801000071900480
63304095802000112300480
63304065601000131800288
63304065605000458800432
63304095901000098700288
63304095902000165000288
63304065701000225000360
63304065705000564700720
63304069301002312500144
63304069316000428600144
63304083610000483100144
63304083601000051800480
63304052210000365400144
63304083410000293700120
63304083401000054100480
63304083710000709800144
63304083701000062400288
63304083510000453100144
63304083501000064600288
63304063628005450000048
63304063728010900000024
63304053501000193000480
63304069650000340001008
63304069401000305803000
63304069501001068700288
63304069001000047100360
63304069101000051400360
63304069105000187300144
63304077005000274801846
63304077060000052900440
63304058477007362500144
63304058431001483700144
63304058531001713800144
63304058631001937500144
00310057591000357200600
00310057504000035800600
00310057517000315700096
00310057508000050600600
00310057516000061700600
00310057532000097400600
50924087710000542400360
50924091350000327900072
50924096610000649800072
50924055350000344100072
00004024133000729400720
00004024126007263300720
00004024009005211100720
00004023909001300000720
00004017202002280400144
00004196401003945000012
00004110051003628000600
00054413025002600600144
00054429731000249900048
00054429931000302900012
00054452725000032500000
00054455025000408000048
65086071110000461602400
65086052210000241100720
65086052215000360300732
65086052205000124500672
65086052505000147400480
65086013505000329102400
00281313123001375300144
00281313117000144900144
00281313118000177700144
00281029817000240200144
00085057505000804802700
58980071111000242800144
00091069520000701800816
00021074010000189200880
00091412201000513400550
00091352501000513400862
00091353801000937100888
00091353101000574800450
00091353201000554100912
00091353701001031800768
00091464024000283200924
00091069010000388200888
00300154130001088100012
00300304613003696100012
01109851110000949500012
00093005001000091800288
00093894001000065800288
00093894005000296500144
00093894301000104000288
00093894701000193900288
00093894705000859600144
00093415073000014900288
00093415079000012200288
00093415573000020600288
00093227434000508800720
00093227534000698800576
00093226801000185700288
00093226301000361200288
00093226401000633000288
00093029001000245200288
00093028001000192700288
00093100301000132100360
00093100305000635200360
00093005401000082700360
00093005405000401300360
00093005301000065200360
00093005305000315200360
00093065701000916500288
00093065801001457800288
00093077801000111500360
00093010910000578400288
00093010901000067700360
00093029201000265400288
00093029301000303100288
00093029310002849000288
00093029305001454200144
00093029401000339500288
00093121501002390100144
00093108701002390100144
00093417574000103700288
00093417773000099200288
00093417774000154200288
00093054201000053200288
00093054205000250800288
00093011101000046300360
00093011201000045000360
00093011301000053600360
00093011305000227100288
00093012201000107700288
00093012256000040800360
00093317101000212800288
00093004103000172100360
00093004156000375400288
00093024843000044300288
00093024831000077500360
00093104101001457800360
00093312301000273700360
00093312501000543100288
00093075501000894800288
00093075505004384600144
00093075506000565000288
00093511298000610700288
00093032101000127700288
00093511798000734200360
00093511898001044800360
00093511998001354800360
00093031801000038300288
00093031805000161300180
00093031901000060800288
00093031905000287200288
00093032001000086300288
00093312701000387200360
00093312705001834200360
00093312901000424800360
00093312905001998900360
00093104401000265500144
00093966016000456600360
00093839701000186300360
00093112201000750100360
00093089201000267200360
00093717201001063700360
00093111801001926600360
00093026392000082600360
00093067005001240200800
00093067006000159600300
00093834201000060200360
00093947753000047700360
00093834310000691900360
00093834301000082300360
00093943301000105000360
00093943305000483300360
00093834305000374000360
00093936410001157800360
00093834410000997800360
00093936401000152100360
00093834401000114600360
00093936405000701900360
00093834405000536500360
00093960423000038300360
00093516101000831200360
00093977401000200600360
00093084015000125000360
00093084030000197100360
00093084092000280100360
00093920031000108800360
00093111301000128300360
00093111401000200200112
00093031101000058300360
00093031105000261500360
00093092606000142700360
00093057610005949000360
00093057606000242101440
00093092810006528400144
00093092806000427601440
00093910729000434100360
00093104801000116500530
00093085101000085200360
00093085152000204000360
00093085105000368400360
00093085205000763700360
00093085253000080100360
00093873901000203800360
00093874001000230200360
00093515001000686700360
00093001701000686700360
00093915801000055700360
00093916610000495700360
00093915810000495700360
00093919701000055700360
00093915901000055700360
00093916601000055700360
00093101501000587200360
00093101601000634200360
00093053601000192700360
00093053605000887200360
00093053701000271500360
00093053705001165600360
00093117701000825400360
00093081901000833300360
00093081955002258500360
00093517301001290700360
00093517355003551900360
00093102101000697800288
00093102201001387200360
00093102301001916600360
00093098301000463700360
00093519873000019000360
00093519974000032900360
00093519410000775502000
00093519401000081201000
00093519501000223700360
00093519505000929400100
00093716001000822400360
00093715901001351900360
00093716101002897200360
00093918801000259000360
00093911401000428400360
00093074105000949500360
00093008905000384000360
00093008801000066300360
00093008805000290700360
00093078486000524000360
00093078406000186500360
00093078201000524000360
00093078256000186500360
00093076301000148300360
00093076001000148300360
00093076101000148300360
00093076201000148300360
00093881501000761500360
00093713001002210700360
00093712801000507800360
00093712901000604800360
00093712701000457800360
00093938001001349500360
64011100108000268300024
50474010001000341500050
00009077526001504200097
00009034201001750000848
00009034102000505000366
00009344903005221300108
00016031985000580000072
00013530117005019800084
00009361701000629500084
00009361702003362800096
00013872589003497300060
00832101500000266400144
00832101550001305800144
00245002414000075200144
00832102400000235300144
00832102450001118000144
00832102500000442100144
00832102550002100000144
00832108000000077700144
00832108210001100300144
00832030310002268000144
00832030300000238700144
00832030010001452800144
00832030000000163000144
00832030410002807000144
00832030400000295400144
00832030110001406800144
00832030100000148000144
00832030210001686800144
00832030200000177500144
00245010810000216500144
00832008600001812500144
00832121400000411600144
00832121900000626900144
00832121950003134500144
00832121110003836200144
00832121100000383500144
00832121310004023300144
00832121300000402300144
00832121210003929800144
00832121200000392900144
00832121410004116900144
00832121510004116900144
00832121500000411600144
00832121610004210500144
00832121600000421000144
00832121710005801100144
00832121700000580100144
00832121800000596800144
00832121850002994100144
00245005810002500000144
00245004115000484200144
00245004111000113700144
00245004101000121500144
00245003701000137300144
00245004015000199800144
00245005811000259800144
00245005815001150000144
00832003810000750000144
00832003850000449000144
00245014701000614300144
00245014760000329800144
00245014501001228600144
00245014530000393800144
00245003642000309400144
00245003623000239000144
00245003660000445600144
00245001301001728500144
00245001401002155500144
00245001501003028600144
00245001201001301800144
00832100800000271800144
00677170101000124800720
00677170201000187500720
00677170205000875000160
00677170301000250000720
00677043001000116200750
67000020010001222504000
67000030010001284101800
59930156001000048906000
59930171403001706600048
00591554401000443800540
00591554405000549600144
00591571501000666800144
00591551310000708800144
00591551301000112500144
00591551305000481400072
00591094401000128700144
00591565801000147100640
00591565805000910700048
00591556101000450800144
52544048801000072500144
52544092226003081400288
00591034701000226500500
00591552201000345600144
00591572605000316100144
00591556501000189800012
00591556505000989800012
00591401001000044200144
52544027928001336200800
00591040801000205300300
00591040901000294100144
00591523801001184600144
00591245501000300600720
00591277501000257602016
00591271301000187500144
00591538105000494700600
00047008430001011800529
00143300001001061100360
00143178510001062500360
00143178501000137500360
00143336705000231200360
00143337001000069800360
00143337005000272500360
00143145810000163400360
00143145801000030800360
00143144510000078800360
00143145010000082500360
00143145510000133100360
00143314501000108500360
00143102010000000000360
00143102001000019600360
00143102510000167600360
00143102501000028100360
00143114010000112500360
00143114051000526300360
00143178701000144700360
01143178705000657800360
00143111501000190600360
00143111505000928100360
00143117401000069800360
00143117110000099800360
00143117101000017500360
00143117210000131800360
00143117201000016900360
00143117310000231200360
00143117301000025000360
00143117601000071400360
00143117605000309200360
00143117610000388200288
00143992490000296800360
00143992390000287500360
00143212522000835300360
00143120901000095900360
00143121001000118700360
00143120110000521800360
00143120101000075000360
00143120125000138100360
00143120201000248800360
00143312610000336800360
00143312601000042100360
00143122710000475000360
00143122701000055500360
00143314205000294101764
00143314250000039500360
00143314150000037500360
00143125401000064100360
00143126010000279300360
00143126001000042800360
00143126110000515000360
00143126101000070100360
00143133310001092100360
00143133301000119300360
00143177110000100000960
00143176501000045800360
00143177210000111800432
00143177201000027300360
00143176901000022800360
00143176910000190600360
00143176701000045800360
00143129005000520000360
00143129201000135302425
00143129205000479000360
00143990801000187500360
00143990805000823500360
00143147310000330800360
00143147301000037500360
00143147710000477000360
00143147705000283400360
00143147510000147100060
00143147501000028000360
00143148010000450800360
00143148001000089200360
00143176310001433100360
00143176301000144200360
66479024725000099809999
06479024725000099809999
66479013613000057802000
06647913613000057802000
66479013619000101700400
06647913619000101700400
66479013509000091509999
06647913509000091509999
66479013501000034801500
06479613501000034801500
66479013721000049801100
06647913721000049801100
44206041812006086000072
44206041706003043000072
00310095130008590000060
00310095036003250000012
