00074567408002400009000       001
00074567202002400017000       001
00074567304002400090000       001
00074563108002400008000       001
00074560344002400089000       001
00074568502002400019000       001
00074568401002400012500       001
00074563004002400004200       001
00074614302002400006000       001
00074614309002400035000       001
00074806101002400110000       001
00074806001000720210000       001
00074490903002400022500       001
00074738501002400012000       001
00074738601002400012950       001
00074490603002400031000       001
00074592101002400014000       001
00074299103002400080000       001
00074108803002400077500       001
00074299203002400083000       001
00074109003002400085000       001
00074491101002400014500       001
00074491001002400015500       001
00074397703002400010000       001
00074926701002400023000       001
00074926301002400008000       001
00074115901002400060000       001
00074115801002400016000       001
00074116201002400062000       001
00074116202002400060000       001
00074116301002400080000       001
00074116501002400052000       001
00074116401002400020000       001
00074115902002400058000       001
00074490801002400020000       001
00074492801002400014500       001
00074405303002400055000       001
00074405001002400048000       001
00074405101002400075000       001
00074419701002400036000       001
00074409201002400016000       001
00074408902002400025000       001
00074789801002400042250       001
00074490201002400018500       001
00074664802002400024000       001
00074910501002400020000       001
00074581901002400012000       001
00074426601002400096000       001
00074780902002400105000       001
00074780803002400140000       001
00074781002002400230000       001
00074307303002400010000       001
00074490101002400020000       001
00074492101002400016950       001
00074648101002400033000       001
00074647844002400038000       001
00074647644000360022370       001
00074636502002400016000       001
00074324710002400051000       001
00074324601002400067000       001
00074631613000240013500       001
00074634205002400028000       001
00074648201002400017000       001
00074636813002400012500       001
00074406558002400130000       001
00074610110002400050000       001
00074605610002400030000       001
00074610102002400015000       001
00074610202002400012350       001
00074610104002400016500       001
00074610204002400018000       001
00074605504002400018000       001
00074340201002400040000       001
00074340001002400035000       001
00074340101002400035000       001
00074258302002400080000       001
00074115271002400012500       001
00074115171002400018000       001
00074329201000480092000       001
00074497701002400042000       001
00074497801002400035000       001
00074427601002400013500       001
00074427001002400085000       001
00074471301002400010000       001
00074471302002400020000       001
00074625401002400095000       001
00074427702002400015000       001
00074428201002400015000       001
00074624801002400110000       001
00074492401002400018750       001
00074490301002400015250       001
00074490401002400015750       001
00074492301002400018000       001
00074428202002400018000       001
00074978601002400110000       001
00074978603002400100000       001
00074978901002400138000       001
00074978903002400158000       001
00074491401002400022000       001
00074403101002400025000       001
00074303001002400028000       001
00074781124002400078000       001
00074146301000400008000       001
00074146401002400055000       001
00074146501002400010000       001
00074146701002400100000       001
00074121301002400059000       001
00074121101002400012000       001
00074121601002400015000       001
00074301902012000002540       001
00074626001002400390000       001
00074625901002400420000       001
00074332901002400140000       001
00074818301002400018000       001
00074663501002400015000       001
00074499101002400060000       001
00074665106002400009000       001
00074499201002400070000       001
00074663601002400015000       001
00074665305002400010000       001
00074499401002400090000       001
00074729501002400015000       001
00074662902000400026000       001
00074329905002400035000       001
00074729901002400015000       001
00074553401002400018000       001
00074662502002400025000       001
00074491601002400018500       001
00074410303002400045000       001
00074490001002400022000       001
00074663701000240016000       001
00074660902002400056320       001
00074488899002400022000       001
00074488810002400007000       001
00074488820002400009950       001
00074488850000880018000       001
00074713809002400016000       001
00074613802002400014000       001
00074613803002400014000       001
00074196605002400012500       001
00074196604002400012500       001
00074798303002400030000       001
00074739101002400021000       001
00074410303002400045000       001
00074490001002400022000       001
00074159304002400328000       001
00074577901002400060000       001
00074323601002400060000       001
00074384401002400060000       001
00074338604002400190000       001
00074716809002400045000       001
00074653301002400080000       001
00074433201002400040000       001
00074114401002400020000       001
00071915801002400030000       001
00074915701002400055000       001
00074488799002400027800       001
00074488710002400007000       001
00074488720002400008500       001
00074488750002400063000       001
00074149101002400052000       001
05301402410002880058700       001
05301401210000820033050       001
01747823235003600003000       001
01747022112003600002050       001
00998052635018600009500       001
00998053001001440005000       001
00998053004001440007600       001
00998052215006700010000       001
00998040815000120006850       001
00998007915002000010340       001
00023218105000240021530       001
01198025220000120026320       001
01198025260000120026320       001
01198031104010180008000       001
01198001105000300009300       001
00023054004025410019500       001
00023087860004050017250       001
01198031707000730011000       001
01198026020000600021530       001
01198026025000720011730       001
00173031288000110003000       001
00023081799001000009890       001
00517912005001200006900       001
00517381025001200012500       001
00517382025001200013800       001
00517661025001200096900       001
00517350125001200008500       001
00517360125001200008250       001
00517881001002400008500       001
00517271025001200013800       001
00517390025001200065000       001
00517391025001200015000       001
00517395025001200044000       001
00517631025001200025500       001
00517003225001200020150       001
00517490525001200024500       001
00517493025001200080000       001
00517490125001200011500       001
00517190525001200041800       001
00517180525001200022450       001
00517130525001200083650       001
00517970210001200016500       001
00517970510001200025500       001
00517106125001200008150       001
00517107125001200061200       001
00517571025001200020400       001
00517570225002400009700       001
00517570425000040010000       001
00517462025001200064250       001
00517460225001200018350       001
00517460525001200032650       001
00517460125001200014500       001
00517560225001200015000       001
00517561025001200035700       001
00517420125001200009750       001
00517560125001200011250       001
00517206405001200034400       001
00517062525001200019650       001
00517641025001200029600       001
00517261025001200014300       001
00517029172001200049350       001
00517260225001200009700       001
00517265025001200041000       001
00517405025001200031650       001
00517890501001200003150       001
00517028025001200051000       001
00517900125001200050000       001
00517901025001200055100       001
00517701025001200076500       001
00517801025001200055100       001
00517601025001200055100       001
00517820125001200081600       001
00517741025001200066300       001
00517721025001200153000       001
00517851025001200066300       001
00517821025001200096900       001
00517003310001200030600       001
00517003410001200030600       001
00517480510001200036000       001
00517481010001200058150       001
00517310025001200306000       001
00517200025001200224500       001
00517312025001200051000       001
00517202025001200044000       001
00517502425001200074000       001
00517205325001200024500       001
00517211025001200009950       001
00517212025001200011250       001
00517222025001200013800       001
00517213025001200019000       001
00517235025001200051000       001
00517230525001200015300       001
00517231525001200015300       001
00517651025001200032650       001
00517502325001200076500       001
00517209625001200020400       001
00517063925001200028400       001
00517155025003000032650       001
00517290025001200059000       001
00517281025004800010700       001
00517280225001200014300       001
00517064825001200018400       001
00517293025001200018000       001
00517345025001200063250       001
00517340525001200016200       001
00517341525001200022500       001
00517301025001200012850       001
00517302025001200012400       001
00517305025001200020000       001
00517300525001200009500       001
00517051025001200053100       001
00517102025001200081600       001
00517540205001200004750       001
00517050172001200006650       001
00517540405001200004350       001
00517611025001200020400       001
00053749005004240190000       001
00053749010001020390000       001
00053759002006000210000       001
00053759006006000300000       001
00053759003006000600000       001
00186149001060180007750       001
00186032001010730010560       001
00186036001004320010900       001
00192064971002400320000       001
00192064920002400161250       001
00193230021002340042530       001
01650002415004000005100       001
01650135105000820002610       001
08290005176001000005550       001
08290005165001000005550       001
08290005156001000005550       001
08290005145000020004500       001
08290005127001000005550       001
08290005122001000005550       001
08290005110001000005550       001
08290005175001000005550       001
08290005196001000005550       001
08290009575002400009500       001
08290009661002400011500       001
08290009662002400012500       001
08290009663002400017750       001
08290009604002400014550       001
08290009664002400017750       001
08290009602002400009500       001
08290009626002400013000       001
08290009570002400009500       001
08290009585002400007300       001
08290009578002400010200       001
08290009577004800009500       001
08290009572004800009500       001
08290009571004800009500       001
08290009574004800009500       001
08290009603004800011000       001
08290009633004800017750       001
08290009579004800008850       001
08290009623004800012000       001
08290009625004800012000       001
00332220509001000006000       001
00322220515001000050000       001
00332226809001000016950       001
00332415032001000000920       001
00332415034001000001160       001
00332415030001000000850       001
00332415532001000001550       001
00332415534001000001750       001
00332310709001000005050       001
00332310713001000020000       001
00332310907001000005050       001
00322311109001000004200       001
00332311309001000008750       001
00332223409001000009250       001
00332223609001000016500       001
00332417532001000001850       001
00332314509001000007200       001
00332314513001000029000       001
00332417732001000002450       001
00332417736001000004100       001
00332314713001000062000       001
00332416532001000003750       001
00332315509001000038500       001
00332317109001000042000       001
00331311909001000012000       001
00332312109001000023200       001
00332312309001000013750       001
00332312509001000027000       001
00332211109001000001300       001
00332211309001000001550       001
00332211709001000002150       001
00332319109001000030000       001
00332319309001000031000       001
00332319509001000028000       001
00332319513001000145000       001
00332220409001000011800       001
00332220315001000009000       001
00332220309001000001750       001
00332220313001000005800       001
00331610538001000006550       001
00332316707001000035000       001
00332117709001000009600       001
00332610938001000014250       001
00332311509001000013750       001
00332311709001000026000       001
00332117215001000024000       001
00332117209001000002600       001
00332117415001000045000       001
00332117409001000005100       001
00332117115001000024250       001
00332117109001000003000       001
00332117315001000046000       001
00332412532001000000950       001
00332412536001000001450       001
00332412732001000001200       001
00332412736001000002050       001
00332610038001000004250       001
00332213213001000026000       001
00332215909001000019500       001
05073090101050000042000       001
05073091501004320048000       001
00303002013001440005300       001
02420827715000960007850       001
02420827730000840009500       001
01915302320036000033000       001
00015302020036000018500       001
00015710028014400102350       001
00015740436014400014550       001
00015740420014400009050       001
00015740220014400006000       001
00015740518014400023440       001
00015740528014400023850       001
00015740520014400018260       001
00015740331014400014000       001
00015740320014400006200       001
00015740118014400009700       001
00015740418014400015000       001
00015050041001000037000       001
00015050541001000150000       001
00015050141001000065000       001
00015050641001000275000       001
00015050241001000165000       001
00015053941005000042500       001
00015054841005000165000       001
00015054641005000080000       001
00015054941005000330000       001
00015054741005000180000       001
00015605811003000023000       001
00003585002003000019000       001
00003525004003000050000       001
00003525003003000028500       001
00003525002003000006000       001
00003555004003000085000       001
00003555002003000009300       001
00003555003003000045000       001
00003577002003000014000       001
00003577003003000060000       001
00003043730048000012500       001
00087076043006000055000       001
00087076001006000017500       001
00087076143006000055000       001
00015076101006000017500       001
00087076643006000055000       001
00087076641006000017500       001
00087076743006000055000       001
00087076741006000017500       001
00087077242006000090000       001
00087077241006000032500       001
00087077142006000090000       001
00015077141006000032500       001
00087077041001080015990       001
00087077042001300165000       001
00015059501006000051500       001
00015059641006000096000       001
00015059646006000240000       001
00015059645006000459000       001
00087057201005000030000       001
00087057202005000079000       001
00087057206005000050000       001
00087057002005000036000       001
00087057026005000095000       001
00087057008005000059000       001
00003246203003000500000       001
00003246201003000051000       001
00003246303000720725000       001
00003246301003000077000       001
00003246101003000047000       001
00015710128014400200000       001
00015722589014400023450       001
00015719528014400023620       001
00015722599014400020250       001
00015722687014400034840       001
00015719628014400035000       001
00015722699014400035000       001
00015722420014400011350       001
00015560060002400077000       001
00015710328003000180000       001
00015798118003000016000       001
00015797020003000030000       001
00015797920003000013950       001
00015073531003000056350       001
00003080110000240072350       001
00015272530014400047360       001
00015272510003000100000       001
00015309520005000098000       001
00015308420005000152000       001
00015306220001000950000       001
00015306120003000488000       001
00555048527003600237040       001
00555048402003600127250       001
00555057202003600115000       001
00555057235003600058000       001
00555057247003600030710       001
00555057248003600040860       001
00555057249003600048700       001
00555057245003600016440       001
00555057246003600024250       001
00524040510002880019000       001
00524040501002880002500       001
00524041010002880046500       001
00524041001002880005500       001
00524041005002880024500       001
00524020705000720038000       001
00524020801001410023250       001
00524020805001970096000       001
00524016501002880002400       001
00524016505002880010000       001
00524016205002880014000       001
00524016201002880003000       001
00542017305008640020750       001
00524017301002880004800       001
00048009001000070048250       001
00048050071000180001000       001
00081063225000500300000       001
00081063155003000190000       001
00081063893001000006000       001
00102232011024000021980       001
05390521203002400070620       001
05390521103002400025660       001
05390521303002400031070       001
05390521403002400083070       001
05390513110002000046000       001
05390513210002880110000       001
05390513301012000071400       001
05390513401012000136000       001
05390523110002400165000       001
05390523301002400090000       001
05390523510002400190000       001
05390523801000720643000       001
05390523610002400250000       001
05390523701002400085000       001
05390523206002400260000       001
05390029101002400045000       001
05390505210002400046000       001
05390505110002400025000       001
05390503410002400060000       001
05390503110002400030000       001
05390503210002400045000       001
05390503310002400050000       001
05390525201002400270400       001
05390521303002400081700       001
05390509110002400095000       001
00083003930000480023300       001
00083007330000240034350       001
00058288415004550011000       001
00338049002005000106500       001
00338049003005000110000       001
00338049102005000117000       001
00338049103005000205000       001
01179752201060000007250       001
01179752202060000015500       001
00066043130000720014000       001
00066043115000120011600       001
00066043015000120011000       001
00066043030000280014500       001
00066009802000120019320       001
00066008301002400006450       001
00066009501003000013000       001
00066009502003600020870       001
00066009004000900017000       001
00066008701001320007750       001
00066008501000720014250       001
04950069733002880016500       001
04950069703024000012000       001
04950069760003600024000       001
04950068912007200058000       001
04950066103002400026000       001
04950066003002400025500       001
04950065902002400025500       001
04950067603005640009750       001
04950018104002400024000       001
04950018110002400014250       001
04950018130002400028000       001
04950018204002400024000       001
04950018210002400015000       001
04950018230002400027000       001
04950082003006000011000       001
04950082005006000011000       001
04950064015006000038000       001
04950264115006000038000       001
04950203010006000033000       001
04950083003060000010900       001
04950203003006000033000       001
04950083005060000011000       001
04950203005006000033000       001
04950081003006000011500       001
00514000102001080013000       001
00056036505002350028000       001
00590035810000170024750       001
00590039810000200022750       001
00590039901002010026500       001
00590039510000100015000       001
00590038601000480017350       001
00056065068002400052250       001
05128536402001200009600       001
05128530102002880029350       001
05147901103015720010950       001
05147901201003600026750       001
06095163270006000046000       001
06095163170006000030000       001
00456074513002280025750       001
00456103712001000070000       001
00456070701000120017000       001
00456070801000390017000       001
00456070901001790018750       001
00456064416010000021000       001
00456001201000190038000       001
00456066271000090050000       001
00456032401002650017000       001
00456254306001500016000       001
00456032601009060020000       001
00456032101001920012150       001
00456254706010730013750       001
00456355506018900020000       001
00168003631002400000650       001
00168017215002400001530       001
00168006538002880001350       001
00168001135002400000620       001
00168001131002400000880       001
00168002135002400001080       001
00168002638002880001350       001
00168001209002880007020       001
00168001109002880006000       001
00168002131002880001650       001
00168005515002880002400       001
00168005546005760004000       001
00168005760002880005100       001
00168005615002880002400       001
00168005646002880004100       001
00168004015002880001200       001
00168004046002880002500       001
00168004160002880003750       001
00168003315002880001200       001
00168003346002820002370       001
00168004516002400007750       001
00168004631002400001080       001
00168009031002400000900       001
00168009016002400007250       001
00168009009002880007000       001
00168007038008640002600       001
00168005815002400001100       001
00168005860002400002250       001
00168006460002880002800       001
00168006015002880001300       001
00168006415001440001200       001
00168005960002880003300       001
00168006060002880002800       001
00168007115002880001550       001
00168007815005760001430       001
00168001431002400000850       001
00168015431002400001150       001
00168008031004320002600       001
00168001531002880001120       001
00168002031002880001120       001
00168001631002880000850       001
00168014231002400001400       001
00168022138002400002420       001
00168003830002880002500       001
00168003860002880004250       001
00168005415004320000920       001
00168005430002820001500       001
00168000715002880000950       001
00168003760002880002700       001
00168008115002820000960       001
00168008130002880001850       001
00168008160001440003540       001
00168008915002880001150       001
00168008930002880002150       001
00168008960002400004000       001
00168005345002880006500       001
00168017315002880002300       001
00168017415002880003100       001
00168017515002880003850       001
00168015038002400001600       001
00168007938002400001350       001
00168007938002880001350       001
00168020843002880005250       001
00168000815002400000970       001
00168000315002400000660       001
00168000580002400001660       001
00168000380002820001610       001
00168000680002880002400       001
00168000580002880001680       001
00168000415004320000800       001
00168000215004320002100       001
00168000615002880000800       001
00168000416002880011360       001
00168000480002820002320       001
00168002738002400001450       001
00168001209002400007000       001
00168001235002400000740       001
00168001231002400001030       001
00168003516002400003600       001
00168003504002400001280       001
00469233090000000023750       001
00469510815001200006250       001
00469709215002880004250       001
00469023425000080024500       001
00469024625000450014200       001
00469231125000040067000       001
00469705460002880026000       001
00469740460000120026350       001
00469711530000360020260       001
00469711560000300026000       001
00469130130000720048000       001
00469164040006000019120       001
00469081330000120048450       001
00469215215000160027300       001
00469146040000360085000       001
00469002425000230040500       001
00469021006001200074000       001
00469383030000480042000       001
00469382030000300040000       001
00469021103000170720000       001
00469018515000240015000       001
05784491501003600061000       001
05784491601003600090500       001
05784491701003600122000       001
05784491401003600042500       001
05784492012000600091300       001
05784418701003600054750       001
00703903203001200350000       001
00703904003001200725000       001
00703902203001200250000       001
00703352401004800003000       001
00703181503001200220000       001
00703564601001200400000       001
00703564301003600089000       001
00703532403001200055000       001
00703532803001200220000       001
00703540801001200007000       001
00703450204001200017000       001
00703271103001200012000       001
00703271403001200018000       001
00703270403001200018500       001
00703280403001200028000       001
00703281204001200035000       001
00703282304001200055000       001
00703533803001200029000       001
00703180201001200001900       001
00781145310002880099000       001
00781145210002880189000       001
00028003301000060070000       001
00028003201002260020600       001
00028013601000660058000       001
00182170110006000021500       001
00182129901006000002000       001
00182170101006000003000       001
00182182101006000045000       001
00182182105006000205000       001
00182107901006000005500       001
00182107910006000042500       001
00182127801006000010000       001
00182127901006000018000       001
00182198389012000031500       001
00182198489012000032560       001
00182198501012000053000       001
00182198505012000261270       001
00182198589012000053200       001
00182198689012000093300       001
00182616444006000055000       001
00182371109006000002900       001
00182133201006000008000       001
00182133301006000012000       001
00182051910012000133000       001
00182151901012000015000       001
00182174401006000009000       001
00182836389006000003000       001
00182836489006000004000       001
00182038189006000002500       001
00182114952006000002250       001
00182173156006000004000       001
00182173601006000004500       001
00182199501006000033950       001
00182199505006000160000       001
00182199401006000018950       001
00182199405006000088000       001
00182121919006000005450       001
00182122001006000016500       001
00182122005006000079000       001
00182122110006000218720       001
00182124201006000003000       001
00182126305006000010000       001
00182126401006000004000       001
00182124401006000014340       001
00182055501006000001990       001
00182095134006000001140       001
00182149289006000004000       001
00182149389006000005000       001
00182177005006000020300       001
00182180901006000003500       001
00182181001006000007200       001
00182181005006000015000       001
00182129701006000007000       001
00182129705006000018500       001
00182168101006000003500       001
00182168110006000017000       001
00182168105006000009000       001
00182168189006000006000       001
00182168201006000005500       001
00182168205006000016000       001
00182087110006000014500       001
00182119619006000004750       001
00182178501006000006500       001
00182178510006000045000       001
00182178605006000045000       001
00182183101006000009000       001
00182178989006000006000       001
00182133089006000007000       001
00182151789006000010000       001
00182133005006000014000       001
00182197101006000007190       001
00182197105006000034940       001
00182197201006000009100       001
00182197205006000044520       001
00182197301006000011290       001
00182197305006000055490       001
00182197401006000010450       001
00182197405006000050020       001
00182197501006000016520       001
00182197505006000081330       001
00182070289006000005000       001
00182070389006000005500       001
00182167089006000007000       001
00182123501006000007000       001
00182123601006000008000       001
00182123701006000007750       001
00182123801006000009000       001
00182192002006000010000       001
00182192102006000014000       001
00182192201006000012000       001
00182446001006000002990       001
00182170701006000008450       001
00182170801006000012900       001
00182170805006000056660       001
00182170901006000015000       001
00182176001006000002200       001
00182175901006000001500       001
00182884489006000009000       001
00182170501006000019500       001
00182170601006000040540       001
00182170605006000190170       001
00182131301006000021110       001
00182183701006000021590       001
00182183801006000030050       001
00182108489006000004600       001
00182126001006000011000       001
00182126005006000046000       001
00182125910006000052000       001
00182125905006000028000       001
00182125901006000007000       001
00182187201006000008450       001
00182062710006000077000       001
00182062701006000010520       001
00182023234006000001400       001
00182023233006000001150       001
00182130101006000005250       001
00182196905006000158000       001
00182197005006000165000       001
00182130001006000006000       001
00182196901001840030000       001
00182197001006000036000       001
00173033602000240025350       001
00173037572003000022500       001
00173037502001200040900       001
00173037673001800016300       001
00173037672001800022500       001
00173037601001200032900       001
00173037602001200040900       001
00173034843000120067000       001
00173034743000600050750       001
00173032188000600019250       001
00173032198000240017750       001
00173046100001000930210       001
00173044200005000182800       001
59762332801002400039650       001
59762372801002400003890       001
59762372802002400005750       001
59762372501002400008200       001
59762372603002400012500       001
59762372707002400168000       001
59762372704002400018900       001
59762372706002400093000       001
59762332702002400032180       001
59762332701002400005850       001
59762166508030000008820       001
59762139504072100005050       001
00781108013002400004480       001
00781108213002400008350       001
00781148613002400002300       001
00781148713002400002570       001
00781148813002400003230       001
00781148913002400004220       001
00781171813002400006350       001
00781171513002400003500       001
00781171613002400003900       001
00781161313002400002940       001
00781162313002400003600       001
00781197313002400020780       001
00781249813002400003250       001
00781189013002400002470       001
00781280413002400016830       001
00781280013002400007000       001
00781280113002400007650       001
00781280213002400010120       001
00781280313002400015990       001
00781116113002400002980       001
00781143913002400046630       001
00781143813002400036950       001
00781181813002400002400       001
00781196613002400002490       001
00781144613002400004630       001
00781139713002400005700       001
00781139613002400004550       001
00781148113002400002560       001
00781133413002400004130       001
00781176413002400002960       001
00781232513002400003700       001
00781126213002400002220       001
00781175013002400010210       001
00781132013002400009210       001
00781174213002400004220       001
00781174713002400011000       001
00781271813002400004500       001
00781278613002400004990       001
00781172013002400008310       001
00781135413002400002930       001
00781180413002400015600       001
00781160413002400003300       001
00781162413002400004450       001
00781163413002400006160       001
00781193213002400013670       001
00713011801004200013840       001
00713011812003600002610       001
00713011850004200006920       001
00713016401003600020820       001
00713016412003600002660       001
00713016450003600006880       001
00713016501003600023090       001
00713016512003600002720       001
00713016505003600072180       001
00713016550003600012030       001
00713050301003600035000       001
00713050312003600004450       001
00713050324003600007920       001
00713024931003600001650       001
00713024932003600002100       001
00713051012003600001550       001
00713051024003600002500       001
00713010401004200012300       001
00713010412003600001700       001
00713010450004200006450       001
00713010550004200012600       001
00713010512003600001740       001
00713010550004200006700       001
00713010601003600011900       001
00713010612003600001800       001
00713010650003600006100       001
00713010910003600048820       001
00713010901003600007550       001
00713010912003600001100       001
00713010905003600034640       001
00713010950003600004310       001
00713012201004200099000       001
00713025804004200001760       001
00713040030003600001100       001
00713040060003600001800       001
00713040090003600002700       001
00713040789004200008070       001
00713024837003600002550       001
00713050512003600002400       001
00713050524003600003370       001
00713017630003600029760       001
00713040130004200001140       001
00713016612004200022500       001
00713013512003600022130       001
00713013212003600024220       001
00713010102004200002480       001
00713010109004200001010       001
00713010113004200000900       001
00713010126004200001010       001
00713010151004200001550       001
00713010209004200001010       001
00713010213004200001010       001
00713010226004200001010       001
00713010125004200001220       001
00713010150004200002000       001
00713010225004200001220       001
00713010709003600002860       001
00713010809003600003160       001
00713010850003600015110       001
00713010309004200009150       001
00713010325004200016740       001
00713010350004200031500       001
00713012509003600007650       001
00713012525003600012610       001
00039005305000960006650       001
00039005111000240020000       001
00039005150000600094000       001
00039005270001440328000       001
00039005210002400033000       001
00039005250000480172000       001
00039002560000000030160       001
05840662333010000028500       001
05840662668000020060000       001
05840662137010000004100       001
05840662235010000007850       001
00205533834010000009500       001
00205450723010000275000       001
00205532526010000003300       001
00205455626010000003300       001
00205533734010000008750       001
00205532618010000005500       001
00205532730010000006950       001
00548653800000160096000       001
00548200100000010140000       001
00548119000000150077500       001
00548630000000800130000       001
00548654000000060060000       001
00548105200000040137500       001
00548205200000340112500       001
00548305200000060135000       001
00548652000000040078000       001
00058072730001560002500       001
00058225005024760006540       001
00058235805001880007430       001
00058235815014850015400       001
00058013015000070006000       001
00058287715000020023980       001
00058287505002770009400       001
00058287510004190014500       001
00058251415005670008350       001
00058251515000480007800       001
00058251615010510008250       001
00058251715014640008250       001
00058251915030760009500       001
00058073215028440007100       001
00058072515003650005600       001
05492010510000720011250       001
05045840050003790263900       001
05045801001015000028320       001
00044182302006230043000       001
00044182603000060619000       001
00091415060014740018500       001
00091020201004950012000       001
00021440123000360011500       001
00021440305000120011950       001
00091419501005490030000       001
00091419601012630034000       001
00021092001000480039000       001
00091105301009240033000       001
00091005501002660029000       001
00091347501011520035000       001
00091350501013440021500       001
00091353201000120022250       001
00021462010000480015500       001
00021069010000740017500       001
00021475020001090010800       001
00005466837012000010500       001
00005539238003710056000       001
00005539123001470155000       001
00005538923007790046850       001
00005539023009390078000       001
00005341623002880027000       001
00005341732002880023500       001
00005341838002880023500       001
00005376296000200028000       001
00205526723000360015250       001
00005536023002700077000       001
00205536123003600090000       001
00205536223005830132000       001
00005535923003550058000       001
00005446043000180062250       001
00005446460011220029000       001
00005446060006140049000       001
00005446031001160235000       001
00205315415005000084800       001
00205315488005000042350       001
00205315405005000042350       001
00005248923000520086000       001
00005249023000060082700       001
00093070970002400018000       001
00093070568002400001950       001
00093054305002400095000       001
00093053874002400004100       001
00093054101002400010000       001
00093054301002400020000       001
00053054073002400004000       001
00093054074002400006750       001
00093018901001200006750       001
00093018805002400018000       001
00093188801002400004300       001
00093018993002400012500       001
00093018905002400030000       001
00093009001002400010000       001
00093026215002400003250       001
00093026292002400006000       001
00093026639002400010700       001
00093085101000000002800       001
00093085152000000007120       001
00093023230002400002700       001
00093070115002400001150       001
00093070130002400002700       001
00093023215002400001150       001
00093023292002400003250       001
00093063801002400009000       001
00093063701002400005300       001
00093063710002400050000       001
00904772714003600002950       001
00904421360003600002100       001
00904132377003600002440       001
00904132321003600001540       001
00904132277003600002440       001
00904227360003600002900       001
00901020161003600010620       001
00904399660003600099000       001
00904399746003600046120       001
00904399460003600034480       001
00904399461003600037510       001
00904399560003600052820       001
00904399561003600059460       001
00904261904003600001800       001
00904261907003600002260       001
00904771360003600019510       001
00904771340003600084060       001
00904261760003600009740       001
00904261740003600037390       001
00904262004003600002930       001
00904262007003600003570       001
00904261840003600073500       001
00904261851003600010340       001
00904201760003600007170       001
00904201740003600028320       001
00904207360003600012170       001
00904207340003600052500       001
00904016060003600031500       001
00904016012003600004760       001
00904058260003600007850       001
00904404073003600000870       001
00904770470003600004350       001
00904079335003600001150       001
00904122716003600004000       001
00904254860003600022860       001
00904105561003600007000       001
00904422260003600001710       001
00904076636003600003670       001
00904076645003600006880       001
00904076803003600007520       001
00904076736003600003670       001
00904076745003600006800       001
00904040616003600006600       001
00904040516003600006950       001
00904020961003600003000       001
00904352403003600007540       001
00904071716003600006240       001
00904123020003600001120       001
00904123016003600004000       001
00904175089003600039000       001
00904323261003600005000       001
00904776021003600001230       001
00904211574003600054630       001
00904211516003600015810       001
00904322035003600001160       001
00904211769003600028350       001
00904211709003600007750       001
00904018460003600007980       001
00904354560003600017750       001
00904431451003600002070       001
00904383860003600063750       001
00904773330003600006450       001
00904773303003600012000       001
00904204360003600029270       001
00904315110003600005780       001
00904780980003600250000       001
00904780960003600048380       001
00904222161003600056200       001
00904114616003600004900       001
00904386575003600001390       001
00904024360003600003750       001
00904024460003600004420       001
00904024412003600002650       001
00904024660003600013750       001
00904066815003600002450       001
00904066760003600007000       001
00904264631003600001160       001
00904264760003600024260       001
00904264860003600040860       001
00904789680003600165600       001
00904776461003600087790       001
00904771760003600060590       001
00904771460003600021000       001
00904771440003600106190       001
00904771461003600025000       001
00904771560003600033270       001
00904771540003600150000       001
00904771660003600046640       001
00904771661003600052680       001
00904071328003600019200       001
00904021412003600002110       001
00904021424003600003550       001
00904205661003600017640       001
00904092416003600003350       001
00904098128003600041460       001
00904098116003600006330       001
00904326340003600022350       001
00904326360003600007610       001
00904326216003600010710       001
00904033660003600012790       001
00904033640003600053250       001
00904265308003600011270       001
00904774360003600016440       001
00904774340003600073600       001
00904284503003600003770       001
00904247016003600014000       001
00904246216003600012780       001
00904246860003600020000       001
00904247116003600023250       001
00904246316003600024260       001
00904166420003600001550       001
00904067761003600004570       001
00904759161003600003000       001
00904213780003600008940       001
00904098950003600002850       001
00904146516003600004000       001
00904077036003600002690       001
00904007860003600002400       001
00904266336003600002020       001
00904266436003600002020       001
00904190705003600003640       001
00904257960003600004880       001
00904775960003600011700       001
00904183040003600029850       001
00904173460003600028270       001
00904234160003600004490       001
00904208380003600006830       001
00904208980003600010740       001
00904267460003600005470       001
00904075631003600004500       001
00904035861003600023140       001
00904037916003600008460       001
00904209560003600004170       001
00904209680003600048350       001
00904063680003600029750       001
00904063661003600004950       001
00904272060003600010750       001
00904272046003600004390       001
00904268760003600002120       001
00904291280003600039360       001
00904291260003600004400       001
00904291416003600011350       001
00904761760003600033630       001
00904761740003600151000       001
00904202060003600001580       001
00904198360003600001890       001
00904238460003600002290       001
00904357160003600053850       001
00904357140003600225000       001
00904357161003600054000       001
00904287860003600009580       001
00904287960003600011960       001
00904781360003600013950       001
00904781460003600015080       001
00904240140003600067500       001
00904145360003600005340       001
00904145340003600015650       001
00904145361003600017650       001
00904269460003600018780       001
00904000514003600001920       001
00904029652003600002450       001
00904000414003600001350       001
00904762260003600008250       001
00904762270003600019250       001
00904000314003600002180       001
00904000214003600001340       001
00904101130003600006350       001
00904101016003600004520       001
00904100416003600004230       001
00904780260003600040500       001
00904062960003600002930       001
00904227260003600002750       001
00904282180003600131170       001
00904282161003600023750       001
00904766069003600025000       001
00904268360003600002850       001
0rox-cal860003600002600       001
00904056060003600023020       001
00904234440003600058300       001
00904041180003600023060       001
00904041160003600002750       001
00904041161003600010040       001
00904041261003600014640       001
00904041460003600005250       001
00904041461003600018750       001
00904042160003600045820       001
00904042260003600053890       001
00904424616003600004600       001
00904777770003600019150       001
00904786170003600056200       001
00904768960003600034610       001
00904768970003600069220       001
00904786160003600034610       001
00904166616003600022950       001
00904219880003600025850       001
00904219980003600041270       001
00904765016003600011950       001
00904166960003600009010       001
00904166970003600020760       001
00904119860003600006850       001
00904119840003600032450       001
00904772614003600002040       001
00904323514003600001750       001
00904070300003600001950       001
00904112730003600002430       001
00904125360003600007910       001
00904125340003600027000       001
00904125040003600027000       001
00904125460003600007750       001
00904125440003600036610       001
00904125160003600007750       001
00904125140003600036610       001
00904125161003600018000       001
00904125061003600014000       001
00904272454003600002990       001
00904272660003600008450       001
00904272560003600012480       001
00904272561003600024660       001
00904177021003600001610       001
00904034380003600030610       001
00904118660003600007020       001
00904118760003600014350       001
00904337860003600047250       001
00904337840003600150000       001
00904337960003600050000       001
00904337940003600200000       001
00904053060003600001810       001
00904144416003600002630       001
00904077460003600007690       001
00904053820003600003990       001
00904430309003600001950       001
00904429909003600001620       001
00904033120003600001130       001
00904033020003600001170       001
00904404451003600002290       001
00904399160003600022000       001
00904399140003600055000       001
00904399161003600045000       001
00904399060003600015000       001
00904399040003600038620       001
00904399061003600025000       001
00904088444003600006800       001
00904032240003600044680       001
00904032260003600010260       001
00904270530003600001600       001
00904328680003600039500       001
00904328660003600005150       001
00904210160003600022000       001
00904210316003600028760       001
00904031535003600001940       001
00904292460003600017250       001
00904292440003600045000       001
00904292461003600028500       001
00904772360003600077250       001
00904292080003600079500       001
00904292060003600013460       001
00904292040003600032250       001
00904292061003600021750       001
00904418160003600002570       001
00904052361003600004930       001
00904029160003600004650       001
00904260822003600001470       001
00904054480003600012450       001
00904051860003600002120       001
00904424960003600002480       001
00904027472003600009350       001
00904275260003600005120       001
00904184322003600001890       001
00904030361003600004970       001
00904430535003600001250       001
00904325580003600055000       001
00904325560003600006250       001
00904275802003600001150       001
00045025501014610033750       001
00045025549008500033750       001
00045009569000640062500       001
00045034260000120052000       001
00045034360000240082950       001
05595048040002400007300       001
05595348070002400003000       001
05595313040002400001750       001
05595313038002400001750       001
05595372470002400021000       001
05595372480002400038500       001
05595372440002400005600       001
05595371601002400011500       001
05595371670002400038000       001
05595371640002400009200       001
05595371633002400005500       001
05595314947002400001750       001
05595314938002400001350       001
05595314940002400001450       001
05595313047002400002350       001
05595340140002400007000       001
05595303980002400036000       001
05595303940002400004100       001
05595384040002400007550       001
05595384001002400001750       001
05595384070002400035000       001
05595311440002400013250       001
05595311401002400016850       001
05595311470002400060000       001
05595310653002400003500       001
05595309240002400002600       001
05595309253002400005000       001
05595318180002400260000       001
05595318140002400029800       001
05595318170002400139000       001
05595319280002400280000       001
05595319240002400030500       001
05595319270002400142000       001
05595320480002400385000       001
05595320440006000052000       001
05595320470002400242000       001
05595323580002400800000       001
05595323540002400089000       001
05595323570002400420000       001
05595338240002400009300       001
05595343940002400003750       001
05595342080002400023500       001
05595343970002400015000       001
05595302040002400017500       001
05595302070002400081000       001
05595347140002400004750       001
05595316480002400040000       001
05595349840002400010000       001
05595372780002400072000       001
05595372740002400008000       001
05595373480002400105300       001
05595373440002400011700       001
05595351740002400008000       001
05595351780002400072500       001
05595351770002400036000       001
05595353180002400085000       001
05595353140002400010000       001
05595353170002400045000       001
05595353141002400017200       001
05595351880002400086000       001
05595351840002400010250       001
05595351870002400045500       001
05595352080002400112000       001
05595352040002400012250       001
05595352070002400056000       001
05595353380002400130000       001
05595353340002400015450       001
05595353370002400069000       001
05595309370002400122000       001
05595308870002400083000       001
05595361740002400008000       001
05595364080002400085000       001
05595364040002400010200       001
05595364070002400046000       001
05595381580002400153500       001
05595381540002400017000       001
05595381570002400082000       001
05595381740002400054000       001
00169183511000960013500       001
00169183411000960013500       001
00169183311000720013500       001
00071053023000960066000       001
00071053223001150066000       001
00071053523001200066000       001
00071052723000630064500       001
00071052524000120058900       001
00071021424000120029000       001
00071022124000130034000       001
00071036224000360017500       001
00071073720000360058000       001
00071027024000120032450       001
00071020524001620060000       001
00071020724012090074000       001
00013113691003000016200       001
00013116683003000318000       001
00013114694003000033350       001
00013115679003000080000       001
00013108691003000015750       001
00013111683003000235000       001
00013109694003000033000       001
00013110679003000076000       001
00013104694001440024000       001
00013103691001440011000       001
00013560693012000045000       001
00013563670012000016000       001
00013561693012000067000       001
00013562693012000009450       001
00013745686002000008250       001
00013746686002000016500       001
03982105505004800018800       001
00034050050000020240020       001
00021142050000040007430       001
00049043305036000029010       001
00075025200008720089750       001
00032030099000740300000       001
00075010000001580017500       001
00075112500000720020500       001
00075005700000310013250       001
00075107500000070014850       001
00075020000000120025250       001
00075030000000240031250       001
00075020099000720269800       001
00054812025000090008450       001
00054340844032140008000       001
00054340840000360003500       001
00054452731004170035000       001
00054252731012180035000       001
00054473025012200003950       001
00054474125000120002250       001
00054472825012000002400       001
00087071401000060007890       001
05409206501000720065000       001
00087071501000050009630       001
05409543660000240077000       001
00536370098005000004000       001
00536370096005000001100       001
00536301410005000016000       001
00536301401005000002400       001
00536301435005000001000       001
00536211070005000003200       001
00536210272005000002100       001
00536718001010000002350       001
00536718101005000002450       001
00536267573005000009220       001
00536300801005000003950       001
00536300805005000015100       001
00536300901005000007500       001
00536300905005000029000       001
00536041585005000011000       001
00536301601005000003800       001
00536301301005000003000       001
00536641001005000001250       001
00536346701005000003000       001
00536346710005000004500       001
00536346735005000001050       001
00536301501005000002250       001
00536037097005000001700       001
00536051097005000001450       001
00536051085005000004200       001
00536302110005000021000       001
00536302101005000004500       001
00536302135005000001400       001
00536301734005000001200       001
00536302710005000022000       001
00536302701005000002800       001
00536302801005000006500       001
00536302810005000049500       001
00536302805005000026000       001
00536001583005000002400       001
00536002583005000001900       001
00536303501005000001850       001
00536266585005000036000       001
00536309001005000014000       001
00536569901005000008900       001
00536304610005000011750       001
00536306001005000002850       001
00536020259005000006500       001
00536307501005000003970       001
00536307505005000015750       001
00536307101005000001150       001
00536307110005000008500       001
00536307210005000009250       001
00536307310005000015000       001
00536307301005000002250       001
00536307305005000008050       001
00536307401005000002950       001
00536307405005000012000       001
00536300607005000041000       001
00536300301005000031250       001
00536300401005000053250       001
00536300501005000088000       001
00536007001005000007000       001
00536007005005000027000       001
00536008002005000030000       001
00536008005005000055000       001
00536008006005000007000       001
00536010574005000003000       001
00536010581005000002400       001
00536009082005000001550       001
00536009081005000001400       001
00536002082005000001350       001
00536002084005000002060       001
00536003082005000001960       001
00536003084005000003110       001
00536001010005000054000       001
00536001001005000006400       001
00536001005005000026710       001
00536001601005000011350       001
00536001605005000049000       001
00536391257005000001820       001
00536142057005000002540       001
00536405070010000004850       001
00536407170005000004500       001
00536558806005000003160       001
00536558908005000008100       001
00536125512005000004110       001
00536132012005000004570       001
00536322210005000013160       001
00536322201005000002600       001
00536323001005000003360       001
00536323010005000023500       001
00536321810005000017560       001
00536321801005000002750       001
00536323110005000019000       001
00536323101005000323110       001
00536321806005000001800       001
00536126001005000037370       001
00536126012005000004680       001
00536323307005000001440       001
00536323407005000001300       001
00536012297005000002050       001
00536012285005000004840       001
00536322101005000002950       001
00536012372005000001790       001
00536655091005000025150       001
00536623072005000002600       001
00536197072005000002500       001
00536327801005000002200       001
00536331801005000001700       001
00536331310005000012140       001
00536331810005000010620       001
00536331101005000002250       001
00536330010005000010000       001
00536330510005000009720       001
00536330501005000001720       001
00536332610005000019450       001
00536332601005000002470       001
00536332001005000007830       001
00536332101005000008200       001
00536135012005000001430       001
00536124012005000001250       001
00536333301005000083000       001
00536333101005000021000       001
00536332501005000006920       001
00536332505005000032510       001
00536333010005000060160       001
00536620308005000002160       001
00536410098005000011400       001
00536410098005000001650       001
00536410098005000001360       001
00536496001005000022500       001
00536495905005000050000       001
00536495901005000011250       001
00536571201005000001900       001
00536335301005000003760       001
00536335708010000003150       001
00536409256005000002270       001
00536408956005000002160       001
00536556601005000041000       001
00536031595005000002050       001
00536031595005000001700       001
00536337110005000026200       001
00536337101005000003180       001
00536337201005000003750       001
00536337205005000014000       001
00536503860005000008140       001
00536503020005000003080       001
00536503026005000005600       001
00536503420005000003190       001
00536431020005000002400       001
00536431026005000004200       001
00536433061005000006560       001
00536336510005000011960       001
00536336910005000020000       001
00536336601005000004730       001
00536135501005000008280       001
00536135512005000002080       001
00536338110005000013950       001
00536338101005000003000       001
00536338104005000001850       001
00536230259005000002070       001
00536422098005000003340       001
00536510001005000001100       001
00536572002005000005640       001
00536444801005000023510       001
00536444901005000021610       001
00536039097005000001590       001
00536039090005000015810       001
00536039085005000003400       001
00536337935005000001630       001
00536028585005000006500       001
00536339710005000032850       001
00536344980005000002480       001
00536474297005000002050       001
00536037758005000001660       001
00536033285005000002300       001
00536033297005000001100       001
00536343201005000001620       001
00536342608005000240000       001
00536342408005000002400       001
00536341410005000008400       001
00536688908005000002190       001
00536341710005000014950       001
00536341610005000009860       001
00536342210005000010410       001
00536342201005000001670       001
00536341810005000006760       001
00536343010005000009680       001
00536343002005000003210       001
00536341101005000011250       001
00536341501005000011000       001
00536045475005000002950       001
00536445201005000010980       001
00536445301005000018500       001
00536343501005000005700       001
05369342901005000051350       001
00536343510005000041850       001
00536343505005000023500       001
00536342905005000205670       001
00536344001005000002520       001
00536034185005000008030       001
00536012005005000044000       001
00536013001005000020000       001
00536013005005000086000       001
00536011684005000005560       001
00536011882005000004750       001
00536011884005000008400       001
00536011682005000003190       001
00536012005005000053100       001
00536018001005000024000       001
00536018005005000115000       001
00536018501005000044000       001
00536344238005000004400       001
00536344308005000002200       001
00536344508005000002400       001
00536344901005000002840       001
00536348601005000002660       001
00536014001005000023270       001
00536342001005000012250       001
00536346010005000031820       001
00536346110005000051930       001
00536346001005000003460       001
00536491610005000006250       001
00536491601005000006250       001
00536491810005000064930       001
00536490610005000029040       001
00536490601005000004230       001
00536491510005000034460       001
00536491501005000004520       001
00536346201005000001700       001
00536346205005000006190       001
00536346510005000017920       001
00536346501005000002930       001
00536346505005000009850       001
00536346901005000004640       001
00536348510005000021330       001
00536348501005000003120       001
00536564401005000003610       001
00536344401005000009500       001
00536344405005000042000       001
00536347001005000034000       001
00536345201005000022380       001
00536345301005000023750       001
00536070070005000016950       001
00536513070005000015750       001
00536566101005000034250       001
00536566201005000037000       001
00536566301005000061000       001
00536566305005000290000       001
00536566407005000032500       001
00536297585005000120000       001
00536322408005000003000       001
00536015501005000064500       001
00536349001005000003250       001
00536346601005000013630       001
00536310907005000098000       001
00536353501005000024000       001
00536562105005000007730       001
00536562201005000002000       001
00536562205005000007000       001
00536562301005000002250       001
00536353301005000013600       001
00536299026005000008900       001
00536111082005000003860       001
00536112084005000005910       001
00536351335005000001670       001
00536351306005000003020       001
00536349307005000001140       001
00536349410005000011250       001
00536901438005000005250       001
00536376906005000002160       001
00536497910005000023700       001
00536999512005000002100       001
00536351910005000016000       001
00536351901005000003000       001
00536351810005000017600       001
00536353101005000008130       001
00536352901005000010750       001
00536484001005000020000       001
00536484005005000085000       001
00536484010005000155000       001
00536351510005000010700       001
00536351501005000001870       001
00536351505005000005850       001
00536193085005000005410       001
00536354710005000013250       001
00536354701005000002000       001
00536354714005000005790       001
00536354601005000002120       001
00536377506005000002060       001
00536932059005000002130       001
00536488101005000011360       001
00536488105005000042000       001
00536488205005000090000       001
00536488301005000028430       001
00536477505005000050000       001
00536477501005000011000       001
00536750220005000005520       001
00536750225005000021480       001
00536422820005000005820       001
00536422825005000014180       001
00536422920005000007250       001
00536422925005000016500       001
00536416365005000014130       001
00536415165005000002300       001
00536358201005000003330       001
00536358006005000008850       001
00536045259005000007730       001
00536647591005000030600       001
00536415175005000007600       001
00536357801005000025500       001
00536359001005000035620       001
00536062197005000003090       001
00536933097005000002290       001
00536424295005000001410       001
00536370610005000007230       001
00536119001005000039830       001
00536336701020000012550       001
00536336710005000118000       001
00536337701020000017850       001
00536337710005000130000       001
00536556308005000035800       001
00536310401005000022000       001
00536310201005000011900       001
00536310101005000007000       001
00536310121005000024500       001
00536310221005000035000       001
00536310105005000031000       001
00536310205005000046000       001
00536310301005000018000       001
00536374501005000003440       001
00536061085005000003500       001
00536059085005000006800       001
00536060085005000003450       001
00536523095005000003020       001
00536359701005000003340       001
00536359401005000001640       001
00536359435005000001660       001
00536359735005000001660       001
00536047047005000001320       001
00536077097005000001790       001
00536077090005000016920       001
00536077085005000003670       001
00536063297005000001460       001
00536375810005000010950       001
00536375801005000001820       001
00536376210005000014830       001
00536446070005000006470       001
00536357010005000015200       001
00536357001005000002320       001
00536361901005000003380       001
00536361905005000012880       001
00536362010005000032150       001
00536362001005000005110       001
00536362005005000017260       001
00536361910005000021850       001
00536359501005000009650       001
00536359505005000039570       001
00536359601005000011880       001
00536376701005000004000       001
00536375501010000004850       001
00536375505005000021000       001
00536375710005000023530       001
00536375701005000004930       001
00536375510005000043000       001
00536375610005000017350       001
00536376510005000018900       001
00536600001005000001170       001
00536456610005000096400       001
00536456601005000010000       001
00536456310005000028250       001
00536456301005000004180       001
00536373801005000028460       001
00536456410005000034000       001
00536456401005000004260       001
00536456510005000051240       001
00536456501005000005920       001
00536373701005000008240       001
00536373705005000045400       001
00536068597005000008870       001
00536023032005000018180       001
00536034032005000017920       001
00536034006005000004700       001
00536023005005000042000       001
00536896059005000002400       001
00536896085005000003680       001
00539069085005000009970       001
00536844070005000001350       001
00536300094005000001300       001
00536380111005000036570       001
00536029296005000002650       001
00536036801005000013750       001
00536036805005000073270       001
00536033585005000014790       001
00536032201005000013970       001
00536685170005000005990       001
00536174170005000009050       001
00536560270005000007600       001
00536090197005000002420       001
00536381301005000018620       001
00536381305005000094000       001
00536071080005000002900       001
00536380401005000005750       001
00536374910005000031790       001
00536374901005000004820       001
00536382501005000004800       001
00536382210005000010860       001
00536382410005000017890       001
00536382401005000002300       001
00536383610005000020930       001
00536383601005000003220       001
00536385510005000013250       001
00536385501005000002100       001
00536589010005000011360       001
00536589001005000001920       001
00536065085005000003150       001
00536430608005000003800       001
00536430605005000024360       001
00436072073005000002700       001
00536072061005000005340       001
00536750125005000027000       001
00536435031005000016570       001
00536435020005000003850       001
00536435028005000005930       001
00536435025005000008450       001
00536078125005000016710       001
00536078061005000014860       001
00536382601005000085000       001
00536380801005000048000       001
00536380501005000019880       001
00536380601005000028050       001
00536380701005000036000       001
00536440125005000004180       001
00536446220005000002940       001
00536443120005000001070       001
00536443125005000002530       001
00536440120005000001600       001
00536446225005000005800       001
00536384510005000007300       001
00536384401005000001190       001
00536384301005000001360       001
00536384010005000008000       001
00536384001005000001520       001
00536384005005000005240       001
00536384110005000010250       001
00536383501005000004350       001
00536383505005000019260       001
00536618101005000001640       001
00536619001005000001200       001
00536555405005000210000       001
00536555408005000025500       001
00536447020010000001920       001
00536447028010000003530       001
00536448028010000003000       001
00536469073010000005700       001
00536469067010000002510       001
00536092572010000003860       001
00536092565005000003600       001
00536385610010000095830       001
00536385601010000010650       001
00536385710010000038000       001
00536385701010000004500       001
00536385705010000020240       001
00536386537010000001960       001
00536135912010000000980       001
00536030201010000002720       001
00536030204010000001100       001
00536136112010000000890       001
00536031104010000001060       001
00536137197010000008890       001
00536082597010000001510       001
00536444701010000016750       001
00536097097010000001760       001
00536239585010000009840       001
00536594011005000002650       001
00536445901010000005200       001
00536387101003600004250       001
00536387110005000031240       001
00536386901010000002960       001
00536386905010000010960       001
00536388001010000006000       001
00536388005010000036120       001
00536387701010000003540       001
00536387705010000012510       001
00536387801010000003720       001
00536387805010000013990       001
00536387901010000004480       001
00536387905010000016730       001
00536101197010000014000       001
00536140212005000001750       001
00536140601005000032000       001
00536140612005000003100       001
00536140601005000032000       001
00536138912005000001940       001
00536492570005000009620       001
00536495065010000009000       001
00536598501010000003250       001
00536389101010000003490       001
00536389001005000001290       001
00536386210010000009690       001
00536386310010000013950       001
00536388501010000007270       001
00536388601005000012160       001
00536831097010000003570       001
00536831095010000001270       001
00536833096010000001890       001
00536835095010000001410       001
00536050198010000018000       001
00536050195010000001650       001
00536050199010000001610       001
00536050197010000003050       001
00536051595010000001690       001
00536061199005000003530       001
00536391301010000005680       001
00536510897005000004020       001
00536510597005000004550       001
00536062099010000003140       001
00536390601010000018180       001
00536456805005000013000       001
00536456710005000015510       001
00536456701005000002350       001
00536456810005000024000       001
00536456801005000003350       001
00536456901005000004890       001
00536506070005000003130       001
00536389310010000065920       001
00536389301010000007820       001
00536389305010000035470       001
00536389410005000070230       001
00536169565010000008400       001
00536505070005000003750       001
00536456910005000030220       001
00536559201005000033000       001
00536268072010000005600       001
00536391801010000008930       001
00536010090010000039280       001
00536392010005000009100       001
00536460405010000011400       001
00536460401010000003720       001
00536460505005000015750       001
00536460501005000004050       001
00536460601010000006160       001
00536460605005000021750       001
00536461095010000001250       001
00536460095010000001500       001
00536460098005000006270       001
00536392910005000011290       001
00536393001010000002020       001
00536393110010000021270       001
00536393101010000002500       001
00536398110010000021560       001
00536398101010000004170       001
00536398105010000015880       001
00536398201010000005500       001
00536398205010000022370       001
00536493908010000038000       001
00536493901005000050000       001
00536398401005000004700       001
00536413701005000009600       001
00536393205005000056000       001
00536393201005000009600       001
00536556701005000004500       001
00536556705005000024140       001
00536394810005000018520       001
00536394101010000004890       001
00536394110005000040000       001
00536394310005000007890       001
00536394301010000001790       001
00539392710010000009520       001
00536392701010000002400       001
00536393810010000015290       001
00536393801010000002350       001
00536429601010000005850       001
00536396710010000007130       001
00536396701010000001690       001
00536429610005000047450       001
00536393501010000003300       001
00536393610005000032000       001
00536393601010000004660       001
00536393605005000017820       001
00536243159010000001630       001
00536670501005000002010       001
00536231697005000002410       001
00536556401005000055000       001
00536556501005000060530       001
00536556505005000309000       001
00536230375005000001770       001
00536231097005000001890       001
00536673101005000002000       001
00536781106005000004020       001
00536141859005000007650       001
00536141886005000021850       001
00536295095010000001070       001
00536295098005000004690       001
00536296098010000005230       001
00536470098005000004460       001
00536470095005000000980       001
00536375108005000002280       001
00536395507005000001490       001
00536588005005000008970       001
00536588001010000002170       001
00536414904010000445000       001
00536414807005000069000       001
00536568410010000019520       001
00536568510010000020970       001
00536568610005000023000       001
00536550610005000020000       001
00536438010005000028600       001
00536438110005000028340       001
00536145080005000002500       001
00536133182010000002300       001
00536398770005000009700       001
00536126296010000001750       001
00536126290010000059150       001
00536126285010000009500       001
00536127096010000001930       001
00536127090005000069850       001
00536397501010000018570       001
00536390808010000003260       001
00536390708010000003190       001
00536390908010000002420       001
00536737910005000042520       001
00536373901010000004390       001
00536373905010000018500       001
00536397405010000110000       001
00536397401005000023750       001
00536128083005000002090       001
00536128583005000002110       001
00536483401005000043930       001
00536483501010000069580       001
00536483601010000090080       001
00536399401005000004940       001
00536499205005000011860       001
00536499101010000002090       001
00536499105005000009880       001
00536668001010000001890       001
00536390201010000015550       001
00536390301010000024160       001
00536398510005000020190       001
00536398501010000002480       001
00536399001005000002680       001
00536399502010000019000       001
00536399506010000005500       001
00536482101010000033000       001
00536482201005000053000       001
00536482202005000133000       001
00536430301010000002850       001
00536430306010000001920       001
00536393901010000003100       001
00536393906005000002050       001
00536528160010000005200       001
00536146285010000009000       001
00536443701010000007990       001
00536443801010000010290       001
00536402401010000014150       001
00536402210010000083790       001
00536502410005000139250       001
00536502201005000009250       001
00536533170005000004590       001
00536402801010000013550       001
00536402601010000004600       001
00536402710010000057480       001
00536402705010000027510       001
00536399836010000084000       001
00536399801005000210000       001
00536402501010000004390       001
00536402510005000030000       001
00536565101005000011220       001
00536565201005000012760       001
00536568110005000045000       001
00536465301005000026000       001
00536565401005000028000       001
00536468001010000006800       001
00536568101010000007020       001
00536568201010000013070       001
00536468205010000055040       001
00536403644005000008000       001
00536403805005000069820       001
00536403801005000014000       001
00536404210010000009750       001
00536404201010000002350       001
00536404205010000009340       001
00536460510005000303000       001
00536560501005000032000       001
00536460410005000198220       001
00536460401005000020870       001
00536403201010000003780       001
00536403202010000008700       001
00536403205010000014250       001
00536403301010000006600       001
00536403302010000012540       001
00536247083005000001770       001
00536247085010000002000       001
00536247090010000009990       001
00536139206005000051000       001
00536138201005000053000       001
00536404301010000020000       001
00536404501010000011250       001
00536897059005000001680       001
00536406001010000003400       001
00536406010005000022300       001
00536404610005000010900       001
00536170272010000003600       001
00536461201005000009750       001
00536561301005000013000       001
00536561305005000062000       001
00536561401005000015000       001
00536561405005000072500       001
00536560601005000016000       001
00536560505005000075000       001
00536560701005000025000       001
00536560705005000120000       001
00536623572010000002150       001
00536406401010000012400       001
00536190565010000004800       001
00536480595010000001400       001
00536407610010000010830       001
00536407601010000001290       001
00536407301005000003610       001
00536407410005000030830       001
00536407401005000004950       001
00536407510005000034100       001
00536407701010000006040       001
00536407810010000012500       001
00536703001010000003190       001
00536407010010000008770       001
00536407001010000001170       001
00536703301010000003900       001
00536406810010000007110       001
00536406801010000001210       001
00536406910005000012750       001
00536406901010000002020       001
00536406501010000014000       001
00536406503005000031000       001
00536406701005000020000       001
00536406703005000060000       001
00536561901005000071120       001
00536561801005000041000       001
00536408401005000003900       001
00536408301010000003070       001
00536409008005000004500       001
00536409807005000022750       001
00536411107005000027900       001
00536500572010000001900       001
00536500575010000002380       001
00536409401010000013640       001
00536583020010000001410       001
00536483028010000002120       001
00536478120010000001410       001
00536478128010000001920       001
00536122085005000016350       001
00536122061010000002750       001
00536116001005000034450       001
00536477701005000012000       001
00536410708005000002210       001
00536410602010000007250       001
00536410608010000002200       001
00536781708005000002550       001
00536410310010000011780       001
00536410301010000001890       001
00536410302005000004670       001
00536671201010000003000       001
00536671501005000001650       001
00536650605005000004350       001
00536650601010000001550       001
00536412410010000038780       001
00536412401010000004760       001
00536412405005000020350       001
00536181059005000001840       001
00536307701010000005730       001
00536307705010000024770       001
00536308201010000007120       001
00536308205010000031740       001
00536307801010000006190       001
00536308301010000007970       001
00536308305010000034230       001
00536413401010000060000       001
00536413302005000099000       001
00536413101005000028000       001
00536413201005000038900       001
00536413301005000044000       001
00536500098005000002290       001
00536415401005000003260       001
00536415410010000016870       001
00536432101010000002750       001
00536432135005000001540       001
00536441001010000012040       001
00536441005010000046060       001
00536423401005000027500       001
00536529010010000005630       001
00536250096005000004550       001
00536252196005000006630       001
00536256196005000007100       001
00536250072005000003010       001
00536252172010000003950       001
00536256172010000004360       001
00536249572010000002270       001
00536258072010000007720       001
00536421401005000052550       001
00536424301005000036010       001
00536555905005000120000       001
00536555801005000022500       001
00536555901005000024000       001
00536430401005000002530       001
00536845080005000003020       001
00536858080005000003490       001
00536856080010000003180       001
00536858080010000003180       001
00536430801010000003500       001
00536431210005000024000       001
00536431201005000003100       001
00536430710005000024000       001
00536430701005000003100       001
00536432210005000057250       001
00536431101005000007500       001
00536377702005000039250       001
00536381507005000011250       001
00536377707005000005610       001
00536431710005000012320       001
00536377307010000003340       001
00536432201010000006910       001
00536169085010000001960       001
00536171085010000003760       001
00536481095010000001690       001
00536182585010000003580       001
00536484502010000010350       001
00536484602010000013520       001
00536481502005000022500       001
00536263565010000003910       001
00536640575005000010150       001
00536432610005000046250       001
00536432601010000004780       001
00536432410010000011690       001
00536432510005000029230       001
00536559301005000013200       001
00536433905005000027270       001
00536433901005000006000       001
00536437101005000006000       001
00536437201010000003350       001
00536437601010000003340       001
00536436601010000009340       001
00536557601005000010500       001
00536557605005000047100       001
00536435805005000075000       001
00536435801005000017000       001
00536215270010000006700       001
00536740070010000010130       001
00536845170010000005430       001
00536846070010000005950       001
00536178585010000002990       001
00536178597005000001190       001
00536437310005000215100       001
00536491301005000064810       001
00536491101005000053120       001
00536491201005000064350       001
00536433801010000014200       001
00536433805010000062090       001
00536440201010000008320       001
00536440205010000037690       001
00536440301010000012590       001
00536430910010000009530       001
00536430901010000001600       001
00536430905010000007400       001
00536431310010000012720       001
00536431301010000001550       001
00536431305010000008790       001
00536431410010000013330       001
00536431401010000002800       001
00536431405010000011920       001
00536431501010000003520       001
00536431601010000002870       001
00536431605010000010390       001
00536306198005000004810       001
00536439110010000027590       001
00536439135005000001450       001
00536439910010000023400       001
00536438810005000038620       001
00536438801010000005730       001
00536439210010000059730       001
00536439201010000007450       001
00536188596005000002410       001
00536443401010000013470       001
00536443402010000029460       001
00536443405010000056010       001
00536442901010000010850       001
00536442610010000068110       001
00536442601010000007810       001
00536442710005000070000       001
00536442701005000007800       001
00536443301005000007800       001
00536450201010000026030       001
00536444554005000003000       001
00536444589005000004370       001
00536444454005000003000       001
00536444489005000004000       001
00536445410010000027140       001
00536445810010000042650       001
00536449610005000009140       001
00536449701005000002180       001
00536199083005000002370       001
00536195078005000003090       001
00536195083005000001720       001
00536452201010000005600       001
00536452301010000006750       001
00536718601005000004000       001
00536196297005000002400       001
00536197297005000002420       001
00536198097005000002000       001
00536685201010000001620       001
00536452106005000004350       001
00536199559005000002370       001
00536452810010000015460       001
00536452801010000002650       001
00536667406005000002150       001
00536648537005000017540       001
00536641580005000004300       001
00536453408005000003010       001
00536222075005000004140       001
00536453301010000002750       001
05363491742010000003630       001
00536250175005000002200       001
00536454010010000006800       001
00536198175010000003000       001
00536454810010000004850       001
00536454710010000005000       001
00536350272010000001750       001
00536352072005000004190       001
00536680101010000003250       001
00536375608005000002120       001
00536250770005000012870       001
00536005082010000007020       001
00536005084005000014320       001
00536005084005000013250       001
00536461701005000008500       001
00536461710005000070000       001
00536461705005000037000       001
00536005074005000009750       001
00536461501010000009880       001
00536461601010000016830       001
00536564501005000017050       001
00536564601005000027500       001
00536464605005000100000       001
00536517601005000003090       001
00536714111005000005910       001
00536594701010000006390       001
00536595101005000002330       001
00536991601005000013650       001
00536991501005000013650       001
00536462401010000004100       001
00536187010010000046210       001
00536094094005000001270       001
00536464801010000007900       001
00536465110005000068000       001
00536465210005000081500       001
00536465205005000047000       001
00536465301005000022600       001
00536465001010000006250       001
00536465101010000008900       001
00536465105010000039000       001
00536465201010000011350       001
00536474601005000007580       001
00536466711005000003090       001
00536466410010000021920       001
00536466138005000004330       001
00536466010005000021700       001
00536446038010000004100       001
00536464401010000009700       001
00536464110010000026010       001
00536464101010000003610       001
00536465401010000018640       001
00536464901010000019500       001
00536464201010000003500       001
00536464301010000005500       001
00053622097010000010200       001
00536464405005000039000       001
00536464305005000030000       001
00536464210005000024000       001
00536464310005000039000       001
00536495101010000009580       001
00536495201010000011130       001
00536451601010000017000       001
00536451605010000075000       001
00536214097005000022000       001
00536495401005000024750       001
00536471010010000010950       001
00536471110005000015000       001
00536469410005000006410       001
00536470210005000008470       001
00536473801010000005110       001
00536473901010000008550       001
00536473905010000037790       001
00536474401010000017070       001
00536550905010000185000       001
00536468101010000063000       001
00536550901005000035000       001
00536513120005000001700       001
00536270694005000001270       001
00536687101010000002010       001
00536468801010000011240       001
00536468805010000064270       001
00536471501005000006750       001
00536471505005000028000       001
00536468901005000046500       001
00536468902005000099000       001
00536471502010000013750       001
00536219397010000002270       001
00536219575010000006090       001
00536218085010000005190       001
00536565501010000005040       001
00536565510005000026720       001
00536565505005000018730       001
00536219085010000005260       001
00536491031005000008920       001
00536491020010000001570       001
00536491098005000034890       001
00536491028010000002600       001
00536492020010000001900       001
00536492028010000003300       001
00536492025010000007400       001
00536220285005000030040       001
00536439401010000038860       001
00536220197010000023810       001
00536220185005000014000       001
00536472902010000025000       001
00536472901005000013500       001
00536852080010000003020       001
00536848080010000003490       001
00536493010005000092000       001
00536524520005000000990       001
00536524598010000005390       001
00536524530005000002100       001
00536520020005000002520       001
00536517020010000002490       001
00536522520005000001200       001
00536522598010000012970       001
05036522527005000051410       001
00536522530005000003000       001
00536518020005000001200       001
00536518030005000003100       001
00536518098010000011620       001
00536981065010000010500       001
00536236061010000005730       001
00536521093005000003250       001
00536518030005000003000       001
00536495601010000005000       001
00536495605005000017250       001
00536469305005000032500       001
00536172585005000005280       001
00536021119010000002900       001
00536022119010000004880       001
00536468601010000012780       001
00536468301010000023360       001
00536268297005000001770       001
00536268497005000001450       001
00536268697005000001540       001
00536110098005000011710       001
00536110095010000002150       001
00536110094005000001460       001
00536528069010000003230       001
00536230197010000002400       001
00536475011010000002500       001
00536475208010000003110       001
00536475710010000041900       001
00536239085005000035000       001
00536447701005000011030       001
00536493201010000009520       001
00536493505010000040000       001
00536567501005000061000       001
00536567401005000072000       001
00536567405005000308000       001
00536562401005000018000       001
00536493101010000004970       001
00536493102010000016450       001
00536493105010000030250       001
00536493110005000036850       001
00536475308005000003230       001
00536475508010000003290       001
00536238085010000005100       001
00536208170005000006900       001
00536355001005000001500       001
00536335070005000004860       001
00536527001005000003200       001
00536479901005000003700       001
00536204170010000001850       001
00536204175010000002500       001
00536208075010000003870       001
00536354201005000001310       001
00536355001005000001590       001
00536354001005000001090       001
00536354101005000001220       001
00536449901005000002680       001
00536449101005000001460       001
00536448901005000001910       001
00536335075010000005330       001
00536440901005000002000       001
00536440601010000001850       001
00536440801010000002090       001
00536329401005000004140       001
00536328201005000001360       001
00536328801005000001640       001
00536510497005000004510       001
00536016097005000002970       001
00536016085005000008660       001
00536329210005000017780       001
00536329201005000002500       001
00536329101005000003320       001
00536479801005000002230       001
00536527001005000003280       001
00536479901005000003910       001
00536801059005000001820       001
00536475808005000004320       001
00536477108005000004460       001
00536478701010000002460       001
00536468001010000002450       001
00536355601010000002900       001
00536355101010000002020       001
00536329210005000017200       001
00536480101010000007700       001
00536544801010000010540       001
00536853396005000003100       001
00536854006005000002100       001
00536762094005000001180       001
00536261075010000002020       001
00536569001010000003120       001
00536498901005000010000       001
00536718301005000002370       001
00536667101005000001720       001
00536570098005000004100       001
00536570095010000001200       001
00536570096010000001600       001
00536490510010000006520       001
00078000605002620044210       001
00281193435000600034820       001
00281111553002160022500       001
00281112453000240031000       001
00281218976000240004000       001
00013313117002760010270       001
00013320351006400008500       001
00013311351007200009000       001
00000000000003130006000       001
00013580458000600040000       001
00085020901006440029850       001
00085031502002400025950       001
05816085901200000014000       001
00029414901033540125000       001
00032120007002910073950       001
05726716530000360013570       001
00009030503002880088000       001
00009333101000010015000       001
00009034101000440022000       001
00009035204000070310000       001
00009344901004320054600       001
00009013101002280016000       001
00009075025013570007750       001
00009074203001000011200       001
00009074202001300044000       001
00009072501003670013250       001
00009072503000180042000       001
00009075002000240030000       001
00009377201009840040000       001
00009005002000720049500       001
00009011405000360041000       001
00245003530001040004200       001
00245004115002880036730       001
00245004111000600007860       001
00245004015002880033210       001
00615254213001000003740       001
00615351713001000011090       001
00615351813001000016420       001
00615255813001000006400       001
00615257213001000004830       001
00615068613001000003450       001
00615054713001000012000       001
00615352713001000004800       001
00615356213001000018350       001
00615150113001000023750       001
00615356313001000026500       001
00615351213001000018620       001
00615038913001000056000       001
00615163613001000007610       001
00615160113001000006270       001
00615069213001000004200       001
00615250713001000010050       001
00615034713001000025000       001
00615130413001000020000       001
00615130313001000013000       001
00615257913001000015000       001
00615257813001000010000       001
05047427322002520007580       001
00000000000000480113000       001
00024104101000030012000       001
00024104001000480024020       001
05900414080002400008750       001
05900416080002400011000       001
05900418080002400016500       001
00641221141002400010000       001
00641227741002400009220       001
00641011225002400033110       001
00641011425002400066220       001
00641229241002400011490       001
00641231125002400021820       001
00641142635000310015560       001
00641231225002400043490       001
00641038225002400015230       001
00641233143000040027770       001
00641039525002400019160       001
00641244345000720031500       001
00641244245000720029500       001
00641027703002400059420       001
00641052302000190042780       001
00641251841000560001500       001
00641236941000720021000       001
00641145133002400022350       001
00641252141002400019350       001
00641254041002400005000       001
00641254541002400004150       001
00008031543000480146670       001
00008031505000070009600       001
00008031526000110041270       001
00008031528000010022220       001
00008031508000720020000       001
00008031510000860033350       001
00008031506000720012000       001
00641048721000250004300       001
00031670978000720128000       001
00031670924000720300000       001
00031670972000720035000       001
00031670925000720037000       001
00031789083002400003070       001
00031789095002400019200       001
00641789006002400044200       001
00641789011002400011280       001
00641276543002400075000       001
00641153233000720030000       001
00641276443000720030000       001
00641276641000720019500       001
00008075128000050056670       001
01147800913004800009000       001
00381082010010870020950       001
00381077310010000023650       001
00381077410006000024350       001
00381077010016140012000       001
00381081010000630015250       001
00381081510009600013900       001
00381078010014110015500       001
