
 0074567408002400009000       0001
 0074567202002400017000       0001
 0074567304002400090000       0001
 0074563108002400008000       0001
 0074560344002400089000       0001
 0074568502002400019000       0001
 0074568401002400012500       0001
 0074563004002400004200       0001
 0074614302002400006000       0001
 0074614309002400035000       0001
 0074806101002400110000       0001
 0074806001000720210000       0001
 0074490903002400022500       0001
 0074738501002400012000       0001
 0074738601002400012950       0001
 0074490603002400031000       0001
 0074592101002400014000       0001
 0074299103002400080000       0001
 0074108803002400077500       0001
 0074299203002400083000       0001
 0074109003002400085000       0001
 0074491101002400014500       0001
 0074491001002400015500       0001
 0074397703002400010000       0001
 0074926701002400023000       0001
 0074926301002400008000       0001
 0074115901002400060000       0001
 0074115801002400016000       0001
 0074116201002400062000       0001
 0074116202002400060000       0001
 0074116301002400080000       0001
 0074116501002400052000       0001
 0074116401002400020000       0001
 0074115902002400058000       0001
 0074490801002400020000       0001
 0074492801002400014500       0001
 0074405303002400055000       0001
 0074405001002400048000       0001
 0074405101002400075000       0001
 0074419701002400036000       0001
 0074409201002400016000       0001
 0074408902002400025000       0001
 0074789801002400042250       0001
 0074490201002400018500       0001
 0074664802002400024000       0001
 0074910501002400020000       0001
 0074581901002400012000       0001
 0074426601002400096000       0001
 0074780902002400105000       0001
 0074780803002400140000       0001
 0074781002002400230000       0001
 0074307303002400010000       0001
 0074490101002400020000       0001
 0074492101002400016950       0001
 0074648101002400033000       0001
 0074647844002400038000       0001
 0074647644000360022370       0001
 0074636502002400016000       0001
 0074324710002400051000       0001
 0074324601002400067000       0001
 0074631613000240013500       0001
 0074634205002400028000       0001
 0074648201002400017000       0001
 0074636813002400012500       0001
 0074406558002400130000       0001
 0074610110002400050000       0001
 0074605610002400030000       0001
 0074610102002400015000       0001
 0074610202002400012350       0001
 0074610104002400016500       0001
 0074610204002400018000       0001
 0074605504002400018000       0001
 0074340201002400040000       0001
 0074340001002400035000       0001
 0074340101002400035000       0001
 0074258302002400080000       0001
 0074115271002400012500       0001
 0074115171002400018000       0001
 0074329201000480092000       0001
 0074497701002400042000       0001
 0074497801002400035000       0001
 0074427601002400013500       0001
 0074427001002400085000       0001
 0074471301002400010000       0001
 0074471302002400020000       0001
 0074625401002400095000       0001
 0074427702002400015000       0001
 0074428201002400015000       0001
 0074624801002400110000       0001
 0074492401002400018750       0001
 0074490301002400015250       0001
 0074490401002400015750       0001
 0074492301002400018000       0001
 0074428202002400018000       0001
 0074978601002400110000       0001
 0074978603002400100000       0001
 0074978901002400138000       0001
 0074978903002400158000       0001
 0074491401002400022000       0001
 0074403101002400025000       0001
 0074303001002400028000       0001
 0074781124002400078000       0001
 0074146301000400008000       0001
 0074146401002400055000       0001
 0074146501002400010000       0001
 0074146701002400100000       0001
 0074121301002400059000       0001
 0074121101002400012000       0001
 0074121601002400015000       0001
 0074301902012000002540       0001
 0074626001002400390000       0001
 0074625901002400420000       0001
 0074332901002400140000       0001
 0074818301002400018000       0001
 0074663501002400015000       0001
 0074499101002400060000       0001
 0074665106002400009000       0001
 0074499201002400070000       0001
 0074663601002400015000       0001
 0074665305002400010000       0001
 0074499401002400090000       0001
 0074729501002400015000       0001
 0074662902000400026000       0001
 0074329905002400035000       0001
 0074729901002400015000       0001
 0074553401002400018000       0001
 0074662502002400025000       0001
 0074491601002400018500       0001
 0074410303002400045000       0001
 0074490001002400022000       0001
 0074663701000240016000       0001
 0074660902002400056320       0001
 0074488899002400022000       0001
 0074488810002400007000       0001
 0074488820002400009950       0001
 0074488850000880018000       0001
 0074713809002400016000       0001
 0074613802002400014000       0001
 0074613803002400014000       0001
 0074196605002400012500       0001
 0074196604002400012500       0001
 0074798303002400030000       0001
 0074739101002400021000       0001
 0074410303002400045000       0001
 0074490001002400022000       0001
 0074159304002400328000       0001
 0074577901002400060000       0001
 0074323601002400060000       0001
 0074384401002400060000       0001
 0074338604002400190000       0001
 0074716809002400045000       0001
 0074653301002400080000       0001
 0074433201002400040000       0001
 0074114401002400020000       0001
 0071915801002400030000       0001
 0074915701002400055000       0001
 0074488799002400027800       0001
 0074488710002400007000       0001
 0074488720002400008500       0001
 0074488750002400063000       0001
 0074149101002400052000       0001
 5301402410002880058700       0001
 5301401210000820033050       0001
 1747823235003600003000       0001
 1747022112003600002050       0001
 0998052635018600009500       0001
 0998053001001440005000       0001
 0998053004001440007600       0001
 0998052215006700010000       0001
 0998040815000120006850       0001
 0998007915002000010340       0001
 0023218105000240021530       0001
 1198025220000120026320       0001
 1198025260000120026320       0001
 1198031104010180008000       0001
 1198001105000300009300       0001
 0023054004025410019500       0001
 0023087860004050017250       0001
 1198031707000730011000       0001
 1198026020000600021530       0001
 1198026025000720011730       0001
 0173031288000110003000       0001
 0023081799001000009890       0001
 0517912005001200006900       0001
 0517381025001200012500       0001
 0517382025001200013800       0001
 0517661025001200096900       0001
 0517350125001200008500       0001
 0517360125001200008250       0001
 0517881001002400008500       0001
 0517271025001200013800       0001
 0517390025001200065000       0001
 0517391025001200015000       0001
 0517395025001200044000       0001
 0517631025001200025500       0001
 0517003225001200020150       0001
 0517490525001200024500       0001
 0517493025001200080000       0001
 0517490125001200011500       0001
 0517190525001200041800       0001
 0517180525001200022450       0001
 0517130525001200083650       0001
 0517970210001200016500       0001
 0517970510001200025500       0001
 0517106125001200008150       0001
 0517107125001200061200       0001
 0517571025001200020400       0001
 0517570225002400009700       0001
 0517570425000040010000       0001
 0517462025001200064250       0001
 0517460225001200018350       0001
 0517460525001200032650       0001
 0517460125001200014500       0001
 0517560225001200015000       0001
 0517561025001200035700       0001
 0517420125001200009750       0001
 0517560125001200011250       0001
 0517206405001200034400       0001
 0517062525001200019650       0001
 0517641025001200029600       0001
 0517261025001200014300       0001
 0517029172001200049350       0001
 0517260225001200009700       0001
 0517265025001200041000       0001
 0517405025001200031650       0001
 0517890501001200003150       0001
 0517028025001200051000       0001
 0517900125001200050000       0001
 0517901025001200055100       0001
 0517701025001200076500       0001
 0517801025001200055100       0001
 0517601025001200055100       0001
 0517820125001200081600       0001
 0517741025001200066300       0001
 0517721025001200153000       0001
 0517851025001200066300       0001
 0517821025001200096900       0001
 0517003310001200030600       0001
 0517003410001200030600       0001
 0517480510001200036000       0001
 0517481010001200058150       0001
 0517310025001200306000       0001
 0517200025001200224500       0001
 0517312025001200051000       0001
 0517202025001200044000       0001
 0517502425001200074000       0001
 0517205325001200024500       0001
 0517211025001200009950       0001
 0517212025001200011250       0001
 0517222025001200013800       0001
 0517213025001200019000       0001
 0517235025001200051000       0001
 0517230525001200015300       0001
 0517231525001200015300       0001
 0517651025001200032650       0001
 0517502325001200076500       0001
 0517209625001200020400       0001
 0517063925001200028400       0001
 0517155025003000032650       0001
 0517290025001200059000       0001
 0517281025004800010700       0001
 0517280225001200014300       0001
 0517064825001200018400       0001
 0517293025001200018000       0001
 0517345025001200063250       0001
 0517340525001200016200       0001
 0517341525001200022500       0001
 0517301025001200012850       0001
 0517302025001200012400       0001
 0517305025001200020000       0001
 0517300525001200009500       0001
 0517051025001200053100       0001
 0517102025001200081600       0001
 0517540205001200004750       0001
 0517050172001200006650       0001
 0517540405001200004350       0001
 0517611025001200020400       0001
 0053749005004240190000       0001
 0053749010001020390000       0001
 0053759002006000210000       0001
 0053759006006000300000       0001
 0053759003006000600000       0001
 0186149001060180007750       0001
 0186032001010730010560       0001
 0186036001004320010900       0001
 0192064971002400320000       0001
 0192064920002400161250       0001
 0193230021002340042530       0001
 1650002415004000005100       0001
 1650135105000820002610       0001
 8290005176001000005550       0001
 8290005165001000005550       0001
 8290005156001000005550       0001
 8290005145000020004500       0001
 8290005127001000005550       0001
 8290005122001000005550       0001
 8290005110001000005550       0001
 8290005175001000005550       0001
 8290005196001000005550       0001
 8290009575002400009500       0001
 8290009661002400011500       0001
 8290009662002400012500       0001
 8290009663002400017750       0001
 8290009604002400014550       0001
 8290009664002400017750       0001
 8290009602002400009500       0001
 8290009626002400013000       0001
 8290009570002400009500       0001
 8290009585002400007300       0001
 8290009578002400010200       0001
 8290009577004800009500       0001
 8290009572004800009500       0001
 8290009571004800009500       0001
 8290009574004800009500       0001
 8290009603004800011000       0001
 8290009633004800017750       0001
 8290009579004800008850       0001
 8290009623004800012000       0001
 8290009625004800012000       0001
 0332220509001000006000       0001
 0322220515001000050000       0001
 0332226809001000016950       0001
 0332415032001000000920       0001
 0332415034001000001160       0001
 0332415030001000000850       0001
 0332415532001000001550       0001
 0332415534001000001750       0001
 0332310709001000005050       0001
 0332310713001000020000       0001
 0332310907001000005050       0001
 0322311109001000004200       0001
 0332311309001000008750       0001
 0332223409001000009250       0001
 0332223609001000016500       0001
 0332417532001000001850       0001
 0332314509001000007200       0001
 0332314513001000029000       0001
 0332417732001000002450       0001
 0332417736001000004100       0001
 0332314713001000062000       0001
 0332416532001000003750       0001
 0332315509001000038500       0001
 0332317109001000042000       0001
 0331311909001000012000       0001
 0332312109001000023200       0001
 0332312309001000013750       0001
 0332312509001000027000       0001
 0332211109001000001300       0001
 0332211309001000001550       0001
 0332211709001000002150       0001
 0332319109001000030000       0001
 0332319309001000031000       0001
 0332319509001000028000       0001
 0332319513001000145000       0001
 0332220409001000011800       0001
 0332220315001000009000       0001
 0332220309001000001750       0001
 0332220313001000005800       0001
 0331610538001000006550       0001
 0332316707001000035000       0001
 0332117709001000009600       0001
 0332610938001000014250       0001
 0332311509001000013750       0001
 0332311709001000026000       0001
 0332117215001000024000       0001
 0332117209001000002600       0001
 0332117415001000045000       0001
 0332117409001000005100       0001
 0332117115001000024250       0001
 0332117109001000003000       0001
 0332117315001000046000       0001
 0332412532001000000950       0001
 0332412536001000001450       0001
 0332412732001000001200       0001
 0332412736001000002050       0001
 0332610038001000004250       0001
 0332213213001000026000       0001
 0332215909001000019500       0001
 5073090101050000042000       0001
 5073091501004320048000       0001
 0303002013001440005300       0001
 2420827715000960007850       0001
 2420827730000840009500       0001
 1915302320036000033000       0001
 0015302020036000018500       0001
 0015710028014400102350       0001
 0015740436014400014550       0001
 0015740420014400009050       0001
 0015740220014400006000       0001
 0015740518014400023440       0001
 0015740528014400023850       0001
 0015740520014400018260       0001
 0015740331014400014000       0001
 0015740320014400006200       0001
 0015740118014400009700       0001
 0015740418014400015000       0001
 0015050041001000037000       0001
 0015050541001000150000       0001
 0015050141001000065000       0001
 0015050641001000275000       0001
 0015050241001000165000       0001
 0015053941005000042500       0001
 0015054841005000165000       0001
 0015054641005000080000       0001
 0015054941005000330000       0001
 0015054741005000180000       0001
 0015605811003000023000       0001
 0003585002003000019000       0001
 0003525004003000050000       0001
 0003525003003000028500       0001
 0003525002003000006000       0001
 0003555004003000085000       0001
 0003555002003000009300       0001
 0003555003003000045000       0001
 0003577002003000014000       0001
 0003577003003000060000       0001
 0003043730048000012500       0001
 0087076043006000055000       0001
 0087076001006000017500       0001
 0087076143006000055000       0001
 0015076101006000017500       0001
 0087076643006000055000       0001
 0087076641006000017500       0001
 0087076743006000055000       0001
 0087076741006000017500       0001
 0087077242006000090000       0001
 0087077241006000032500       0001
 0087077142006000090000       0001
 0015077141006000032500       0001
 0087077041001080015990       0001
 0087077042001300165000       0001
 0015059501006000051500       0001
 0015059641006000096000       0001
 0015059646006000240000       0001
 0015059645006000459000       0001
 0087057201005000030000       0001
 0087057202005000079000       0001
 0087057206005000050000       0001
 0087057002005000036000       0001
 0087057026005000095000       0001
 0087057008005000059000       0001
 0003246203003000500000       0001
 0003246201003000051000       0001
 0003246303000720725000       0001
 0003246301003000077000       0001
 0003246101003000047000       0001
 0015710128014400200000       0001
 0015722589014400023450       0001
 0015719528014400023620       0001
 0015722599014400020250       0001
 0015722687014400034840       0001
 0015719628014400035000       0001
 0015722699014400035000       0001
 0015722420014400011350       0001
 0015560060002400077000       0001
 0015710328003000180000       0001
 0015798118003000016000       0001
 0015797020003000030000       0001
 0015797920003000013950       0001
 0015073531003000056350       0001
 0003080110000240072350       0001
 0015272530014400047360       0001
 0015272510003000100000       0001
 0015309520005000098000       0001
 0015308420005000152000       0001
 0015306220001000950000       0001
 0015306120003000488000       0001
 0555048527003600237040       0001
 0555048402003600127250       0001
 0555057202003600115000       0001
 0555057235003600058000       0001
 0555057247003600030710       0001
 0555057248003600040860       0001
 0555057249003600048700       0001
 0555057245003600016440       0001
 0555057246003600024250       0001
 0524040510002880019000       0001
 0524040501002880002500       0001
 0524041010002880046500       0001
 0524041001002880005500       0001
 0524041005002880024500       0001
 0524020705000720038000       0001
 0524020801001410023250       0001
 0524020805001970096000       0001
 0524016501002880002400       0001
 0524016505002880010000       0001
 0524016205002880014000       0001
 0524016201002880003000       0001
 0542017305008640020750       0001
 0524017301002880004800       0001
 0048009001000070048250       0001
 0048050071000180001000       0001
 0081063225000500300000       0001
 0081063155003000190000       0001
 0081063893001000006000       0001
 0102232011024000021980       0001
 5390521203002400070620       0001
 5390521103002400025660       0001
 5390521303002400031070       0001
 5390521403002400083070       0001
 5390513110002000046000       0001
 5390513210002880110000       0001
 5390513301012000071400       0001
 5390513401012000136000       0001
 5390523110002400165000       0001
 5390523301002400090000       0001
 5390523510002400190000       0001
 5390523801000720643000       0001
 5390523610002400250000       0001
 5390523701002400085000       0001
 5390523206002400260000       0001
 5390029101002400045000       0001
 5390505210002400046000       0001
 5390505110002400025000       0001
 5390503410002400060000       0001
 5390503110002400030000       0001
 5390503210002400045000       0001
 5390503310002400050000       0001
 5390525201002400270400       0001
 5390521303002400081700       0001
 5390509110002400095000       0001
 0083003930000480023300       0001
 0083007330000240034350       0001
 0058288415004550011000       0001
 0338049002005000106500       0001
 0338049003005000110000       0001
 0338049102005000117000       0001
 0338049103005000205000       0001
 1179752201060000007250       0001
 1179752202060000015500       0001
 0066043130000720014000       0001
 0066043115000120011600       0001
 0066043015000120011000       0001
 0066043030000280014500       0001
 0066009802000120019320       0001
 0066008301002400006450       0001
 0066009501003000013000       0001
 0066009502003600020870       0001
 0066009004000900017000       0001
 0066008701001320007750       0001
 0066008501000720014250       0001
 4950069733002880016500       0001
 4950069703024000012000       0001
 4950069760003600024000       0001
 4950068912007200058000       0001
 4950066103002400026000       0001
 4950066003002400025500       0001
 4950065902002400025500       0001
 4950067603005640009750       0001
 4950018104002400024000       0001
 4950018110002400014250       0001
 4950018130002400028000       0001
 4950018204002400024000       0001
 4950018210002400015000       0001
 4950018230002400027000       0001
 4950082003006000011000       0001
 4950082005006000011000       0001
 4950064015006000038000       0001
 4950264115006000038000       0001
 4950203010006000033000       0001
 4950083003060000010900       0001
 4950203003006000033000       0001
 4950083005060000011000       0001
 4950203005006000033000       0001
 4950081003006000011500       0001
 0514000102001080013000       0001
 0056036505002350028000       0001
 0590035810000170024750       0001
 0590039810000200022750       0001
 0590039901002010026500       0001
 0590039510000100015000       0001
 0590038601000480017350       0001
 0056065068002400052250       0001
 5128536402001200009600       0001
 5128530102002880029350       0001
 5147901103015720010950       0001
 5147901201003600026750       0001
 6095163270006000046000       0001
 6095163170006000030000       0001
 0456074513002280025750       0001
 0456103712001000070000       0001
 0456070701000120017000       0001
 0456070801000390017000       0001
 0456070901001790018750       0001
 0456064416010000021000       0001
 0456001201000190038000       0001
 0456066271000090050000       0001
 0456032401002650017000       0001
 0456254306001500016000       0001
 0456032601009060020000       0001
 0456032101001920012150       0001
 0456254706010730013750       0001
 0456355506018900020000       0001
 0168003631002400000650       0001
 0168017215002400001530       0001
 0168006538002880001350       0001
 0168001135002400000620       0001
 0168001131002400000880       0001
 0168002135002400001080       0001
 0168002638002880001350       0001
 0168001209002880007020       0001
 0168001109002880006000       0001
 0168002131002880001650       0001
 0168005515002880002400       0001
 0168005546005760004000       0001
 0168005760002880005100       0001
 0168005615002880002400       0001
 0168005646002880004100       0001
 0168004015002880001200       0001
 0168004046002880002500       0001
 0168004160002880003750       0001
 0168003315002880001200       0001
 0168003346002820002370       0001
 0168004516002400007750       0001
 0168004631002400001080       0001
 0168009031002400000900       0001
 0168009016002400007250       0001
 0168009009002880007000       0001
 0168007038008640002600       0001
 0168005815002400001100       0001
 0168005860002400002250       0001
 0168006460002880002800       0001
 0168006015002880001300       0001
 0168006415001440001200       0001
 0168005960002880003300       0001
 0168006060002880002800       0001
 0168007115002880001550       0001
 0168007815005760001430       0001
 0168001431002400000850       0001
 0168015431002400001150       0001
 0168008031004320002600       0001
 0168001531002880001120       0001
 0168002031002880001120       0001
 0168001631002880000850       0001
 0168014231002400001400       0001
 0168022138002400002420       0001
 0168003830002880002500       0001
 0168003860002880004250       0001
 0168005415004320000920       0001
 0168005430002820001500       0001
 0168000715002880000950       0001
 0168003760002880002700       0001
 0168008115002820000960       0001
 0168008130002880001850       0001
 0168008160001440003540       0001
 0168008915002880001150       0001
 0168008930002880002150       0001
 0168008960002400004000       0001
 0168005345002880006500       0001
 0168017315002880002300       0001
 0168017415002880003100       0001
 0168017515002880003850       0001
 0168015038002400001600       0001
 0168007938002400001350       0001
 0168007938002880001350       0001
 0168020843002880005250       0001
 0168000815002400000970       0001
 0168000315002400000660       0001
 0168000580002400001660       0001
 0168000380002820001610       0001
 0168000680002880002400       0001
 0168000580002880001680       0001
 0168000415004320000800       0001
 0168000215004320002100       0001
 0168000615002880000800       0001
 0168000416002880011360       0001
 0168000480002820002320       0001
 0168002738002400001450       0001
 0168001209002400007000       0001
 0168001235002400000740       0001
 0168001231002400001030       0001
 0168003516002400003600       0001
 0168003504002400001280       0001
 0469233090000000023750       0001
 0469510815001200006250       0001
 0469709215002880004250       0001
 0469023425000080024500       0001
 0469024625000450014200       0001
 0469231125000040067000       0001
 0469705460002880026000       0001
 0469740460000120026350       0001
 0469711530000360020260       0001
 0469711560000300026000       0001
 0469130130000720048000       0001
 0469164040006000019120       0001
 0469081330000120048450       0001
 0469215215000160027300       0001
 0469146040000360085000       0001
 0469002425000230040500       0001
 0469021006001200074000       0001
 0469383030000480042000       0001
 0469382030000300040000       0001
 0469021103000170720000       0001
 0469018515000240015000       0001
 5784491501003600061000       0001
 5784491601003600090500       0001
 5784491701003600122000       0001
 5784491401003600042500       0001
 5784492012000600091300       0001
 5784418701003600054750       0001
 0703903203001200350000       0001
 0703904003001200725000       0001
 0703902203001200250000       0001
 0703352401004800003000       0001
 0703181503001200220000       0001
 0703564601001200400000       0001
 0703564301003600089000       0001
 0703532403001200055000       0001
 0703532803001200220000       0001
 0703540801001200007000       0001
 0703450204001200017000       0001
 0703271103001200012000       0001
 0703271403001200018000       0001
 0703270403001200018500       0001
 0703280403001200028000       0001
 0703281204001200035000       0001
 0703282304001200055000       0001
 0703533803001200029000       0001
 0703180201001200001900       0001
 0781145310002880099000       0001
 0781145210002880189000       0001
 0028003301000060070000       0001
 0028003201002260020600       0001
 0028013601000660058000       0001
 0182170110006000021500       0001
 0182129901006000002000       0001
 0182170101006000003000       0001
 0182182101006000045000       0001
 0182182105006000205000       0001
 0182107901006000005500       0001
 0182107910006000042500       0001
 0182127801006000010000       0001
 0182127901006000018000       0001
 0182198389012000031500       0001
 0182198489012000032560       0001
 0182198501012000053000       0001
 0182198505012000261270       0001
 0182198589012000053200       0001
 0182198689012000093300       0001
 0182616444006000055000       0001
 0182371109006000002900       0001
 0182133201006000008000       0001
 0182133301006000012000       0001
 0182051910012000133000       0001
 0182151901012000015000       0001
 0182174401006000009000       0001
 0182836389006000003000       0001
 0182836489006000004000       0001
 0182038189006000002500       0001
 0182114952006000002250       0001
 0182173156006000004000       0001
 0182173601006000004500       0001
 0182199501006000033950       0001
 0182199505006000160000       0001
 0182199401006000018950       0001
 0182199405006000088000       0001
 0182121919006000005450       0001
 0182122001006000016500       0001
 0182122005006000079000       0001
 0182122110006000218720       0001
 0182124201006000003000       0001
 0182126305006000010000       0001
 0182126401006000004000       0001
 0182124401006000014340       0001
 0182055501006000001990       0001
 0182095134006000001140       0001
 0182149289006000004000       0001
 0182149389006000005000       0001
 0182177005006000020300       0001
 0182180901006000003500       0001
 0182181001006000007200       0001
 0182181005006000015000       0001
 0182129701006000007000       0001
 0182129705006000018500       0001
 0182168101006000003500       0001
 0182168110006000017000       0001
 0182168105006000009000       0001
 0182168189006000006000       0001
 0182168201006000005500       0001
 0182168205006000016000       0001
 0182087110006000014500       0001
 0182119619006000004750       0001
 0182178501006000006500       0001
 0182178510006000045000       0001
 0182178605006000045000       0001
 0182183101006000009000       0001
 0182178989006000006000       0001
 0182133089006000007000       0001
 0182151789006000010000       0001
 0182133005006000014000       0001
 0182197101006000007190       0001
 0182197105006000034940       0001
 0182197201006000009100       0001
 0182197205006000044520       0001
 0182197301006000011290       0001
 0182197305006000055490       0001
 0182197401006000010450       0001
 0182197405006000050020       0001
 0182197501006000016520       0001
 0182197505006000081330       0001
 0182070289006000005000       0001
 0182070389006000005500       0001
 0182167089006000007000       0001
 0182123501006000007000       0001
 0182123601006000008000       0001
 0182123701006000007750       0001
 0182123801006000009000       0001
 0182192002006000010000       0001
 0182192102006000014000       0001
 0182192201006000012000       0001
 0182446001006000002990       0001
 0182170701006000008450       0001
 0182170801006000012900       0001
 0182170805006000056660       0001
 0182170901006000015000       0001
 0182176001006000002200       0001
 0182175901006000001500       0001
 0182884489006000009000       0001
 0182170501006000019500       0001
 0182170601006000040540       0001
 0182170605006000190170       0001
 0182131301006000021110       0001
 0182183701006000021590       0001
 0182183801006000030050       0001
 0182108489006000004600       0001
 0182126001006000011000       0001
 0182126005006000046000       0001
 0182125910006000052000       0001
 0182125905006000028000       0001
 0182125901006000007000       0001
 0182187201006000008450       0001
 0182062710006000077000       0001
 0182062701006000010520       0001
 0182023234006000001400       0001
 0182023233006000001150       0001
 0182130101006000005250       0001
 0182196905006000158000       0001
 0182197005006000165000       0001
 0182130001006000006000       0001
 0182196901001840030000       0001
 0182197001006000036000       0001
 0173033602000240025350       0001
 0173037572003000022500       0001
 0173037502001200040900       0001
 0173037673001800016300       0001
 0173037672001800022500       0001
 0173037601001200032900       0001
 0173037602001200040900       0001
 0173034843000120067000       0001
 0173034743000600050750       0001
 0173032188000600019250       0001
 0173032198000240017750       0001
 0173046100001000930210       0001
 0173044200005000182800       0001
59762332801002400039650       0001
59762372801002400003890       0001
59762372802002400005750       0001
59762372501002400008200       0001
59762372603002400012500       0001
59762372707002400168000       0001
59762372704002400018900       0001
59762372706002400093000       0001
59762332702002400032180       0001
59762332701002400005850       0001
59762166508030000008820       0001
59762139504072100005050       0001
 0781108013002400004480       0001
 0781108213002400008350       0001
 0781148613002400002300       0001
 0781148713002400002570       0001
 0781148813002400003230       0001
 0781148913002400004220       0001
 0781171813002400006350       0001
 0781171513002400003500       0001
 0781171613002400003900       0001
 0781161313002400002940       0001
 0781162313002400003600       0001
 0781197313002400020780       0001
 0781249813002400003250       0001
 0781189013002400002470       0001
 0781280413002400016830       0001
 0781280013002400007000       0001
 0781280113002400007650       0001
 0781280213002400010120       0001
 0781280313002400015990       0001
 0781116113002400002980       0001
 0781143913002400046630       0001
 0781143813002400036950       0001
 0781181813002400002400       0001
 0781196613002400002490       0001
 0781144613002400004630       0001
 0781139713002400005700       0001
 0781139613002400004550       0001
 0781148113002400002560       0001
 0781133413002400004130       0001
 0781176413002400002960       0001
 0781232513002400003700       0001
 0781126213002400002220       0001
 0781175013002400010210       0001
 0781132013002400009210       0001
 0781174213002400004220       0001
 0781174713002400011000       0001
 0781271813002400004500       0001
 0781278613002400004990       0001
 0781172013002400008310       0001
 0781135413002400002930       0001
 0781180413002400015600       0001
 0781160413002400003300       0001
 0781162413002400004450       0001
  781163413002400006160       0001
 0781193213002400013670       0001
 0713011801004200013840       0001
 0713011812003600002610       0001
 0713011850004200006920       0001
 0713016401003600020820       0001
 0713016412003600002660       0001
 0713016450003600006880       0001
 0713016501003600023090       0001
 0713016512003600002720       0001
 0713016505003600072180       0001
 0713016550003600012030       0001
 0713050301003600035000       0001
 0713050312003600004450       0001
 0713050324003600007920       0001
 0713024931003600001650       0001
 0713024932003600002100       0001
 0713051012003600001550       0001
 0713051024003600002500       0001
 0713010401004200012300       0001
 0713010412003600001700       0001
 0713010450004200006450       0001
 0713010550004200012600       0001
 0713010512003600001740       0001
 0713010550004200006700       0001
 0713010601003600011900       0001
 0713010612003600001800       0001
 0713010650003600006100       0001
 0713010910003600048820       0001
 0713010901003600007550       0001
 0713010912003600001100       0001
 0713010905003600034640       0001
 0713010950003600004310       0001
 0713012201004200099000       0001
 0713025804004200001760       0001
 0713040030003600001100       0001
 0713040060003600001800       0001
 0713040090003600002700       0001
 0713040789004200008070       0001
 0713024837003600002550       0001
 0713050512003600002400       0001
 0713050524003600003370       0001
 0713017630003600029760       0001
 0713040130004200001140       0001
 0713016612004200022500       0001
 0713013512003600022130       0001
 0713013212003600024220       0001
 0713010102004200002480       0001
 0713010109004200001010       0001
 0713010113004200000900       0001
 0713010126004200001010       0001
 0713010151004200001550       0001
 0713010209004200001010       0001
 0713010213004200001010       0001
 0713010226004200001010       0001
 0713010125004200001220       0001
 0713010150004200002000       0001
 0713010225004200001220       0001
 0713010709003600002860       0001
 0713010809003600003160       0001
 0713010850003600015110       0001
 0713010309004200009150       0001
 0713010325004200016740       0001
 0713010350004200031500       0001
 0713012509003600007650       0001
 0713012525003600012610       0001
 0039005305000960006650       0001
 0039005111000240020000       0001
 0039005150000600094000       0001
 0039005270001440328000       0001
 0039005210002400033000       0001
 0039005250000480172000       0001
 0039002560000000030160       0001
 5840662333010000028500       0001
 5840662668000020060000       0001
 5840662137010000004100       0001
 5840662235010000007850       0001
 0205533834010000009500       0001
 0205450723010000275000       0001
 0205532526010000003300       0001
 0205455626010000003300       0001
 0205533734010000008750       0001
 0205532618010000005500       0001
 0205532730010000006950       0001
 0548653800000160096000       0001
 0548200100000010140000       0001
 0548119000000150077500       0001
 0548630000000800130000       0001
 0548654000000060060000       0001
 0548105200000040137500       0001
 0548205200000340112500       0001
 0548305200000060135000       0001
 0548652000000040078000       0001
 0058072730001560002500       0001
 0058225005024760006540       0001
 0058235805001880007430       0001
 0058235815014850015400       0001
 0058013015000070006000       0001
 0058287715000020023980       0001
 0058287505002770009400       0001
 0058287510004190014500       0001
 0058251415005670008350       0001
 0058251515000480007800       0001
 0058251615010510008250       0001
 0058251715014640008250       0001
 0058251915030760009500       0001
 0058073215028440007100       0001
 0058072515003650005600       0001
 5492010510000720011250       0001
 5045840050003790263900       0001
 5045801001015000028320       0001
 0044182302006230043000       0001
 0044182603000060619000       0001
 0091415060014740018500       0001
 0091020201004950012000       0001
 0021440123000360011500       0001
 0021440305000120011950       0001
 0091419501005490030000       0001
 0091419601012630034000       0001
 0021092001000480039000       0001
 0091105301009240033000       0001
 0091005501002660029000       0001
 0091347501011520035000       0001
 0091350501013440021500       0001
 0091353201000120022250       0001
 0021462010000480015500       0001
 0021069010000740017500       0001
 0021475020001090010800       0001
 0005466837012000010500       0001
 0005539238003710056000       0001
 0005539123001470155000       0001
 0005538923007790046850       0001
 0005539023009390078000       0001
 0005341623002880027000       0001
 0005341732002880023500       0001
 0005341838002880023500       0001
 0005376296000200028000       0001
 0205526723000360015250       0001
 0005536023002700077000       0001
 0205536123003600090000       0001
 0205536223005830132000       0001
 0005535923003550058000       0001
 0005446043000180062250       0001
 0005446460011220029000       0001
 0005446060006140049000       0001
 0005446031001160235000       0001
 0205315415005000084800       0001
 0205315488005000042350       0001
 0205315405005000042350       0001
 0005248923000520086000       0001
 0005249023000060082700       0001
 0093070970002400018000       0001
 0093070568002400001950       0001
 0093054305002400095000       0001
 0093053874002400004100       0001
 0093054101002400010000       0001
 0093054301002400020000       0001
 0053054073002400004000       0001
 0093054074002400006750       0001
 0093018901001200006750       0001
 0093018805002400018000       0001
 0093188801002400004300       0001
 0093018993002400012500       0001
 0093018905002400030000       0001
 0093009001002400010000       0001
 0093026215002400003250       0001
 0093026292002400006000       0001
 0093026639002400010700       0001
 0093085101000000002800       0001
 0093085152000000007120       0001
 0093023230002400002700       0001
 0093070115002400001150       0001
 0093070130002400002700       0001
 0093023215002400001150       0001
 0093023292002400003250       0001
 0093063801002400009000       0001
 0093063701002400005300       0001
 0093063710002400050000       0001
 0904772714003600002950       0001
 0904421360003600002100       0001
 0904132377003600002440       0001
 0904132321003600001540       0001
 0904132277003600002440       0001
 0904227360003600002900       0001
 0901020161003600010620       0001
 0904399660003600099000       0001
 0904399746003600046120       0001
 0904399460003600034480       0001
 0904399461003600037510       0001
 0904399560003600052820       0001
 0904399561003600059460       0001
 0904261904003600001800       0001
 0904261907003600002260       0001
 0904771360003600019510       0001
 0904771340003600084060       0001
 0904261760003600009740       0001
 0904261740003600037390       0001
 0904262004003600002930       0001
 0904262007003600003570       0001
 0904261840003600073500       0001
 0904261851003600010340       0001
 0904201760003600007170       0001
 0904201740003600028320       0001
 0904207360003600012170       0001
 0904207340003600052500       0001
 0904016060003600031500       0001
 0904016012003600004760       0001
 0904058260003600007850       0001
 0904404073003600000870       0001
 0904770470003600004350       0001
 0904079335003600001150       0001
 0904122716003600004000       0001
 0904254860003600022860       0001
 0904105561003600007000       0001
 0904422260003600001710       0001
 0904076636003600003670       0001
 0904076645003600006880       0001
 0904076803003600007520       0001
 0904076736003600003670       0001
 0904076745003600006800       0001
 0904040616003600006600       0001
 0904040516003600006950       0001
 0904020961003600003000       0001
 0904352403003600007540       0001
 0904071716003600006240       0001
 0904123020003600001120       0001
 0904123016003600004000       0001
 0904175089003600039000       0001
 0904323261003600005000       0001
 0904776021003600001230       0001
 0904211574003600054630       0001
 0904211516003600015810       0001
 0904322035003600001160       0001
 0904211769003600028350       0001
 0904211709003600007750       0001
 0904018460003600007980       0001
 0904354560003600017750       0001
 0904431451003600002070       0001
 0904383860003600063750       0001
 0904773330003600006450       0001
 0904773303003600012000       0001
 0904204360003600029270       0001
 0904315110003600005780       0001
 0904780980003600250000       0001
 0904780960003600048380       0001
 0904222161003600056200       0001
 0904114616003600004900       0001
 0904386575003600001390       0001
 0904024360003600003750       0001
 0904024460003600004420       0001
 0904024412003600002650       0001
 0904024660003600013750       0001
 0904066815003600002450       0001
 0904066760003600007000       0001
 0904264631003600001160       0001
 0904264760003600024260       0001
 0904264860003600040860       0001
 0904789680003600165600       0001
 0904776461003600087790       0001
 0904771760003600060590       0001
 0904771460003600021000       0001
 0904771440003600106190       0001
 0904771461003600025000       0001
 0904771560003600033270       0001
 0904771540003600150000       0001
 0904771660003600046640       0001
 0904771661003600052680       0001
 0904071328003600019200       0001
 0904021412003600002110       0001
 0904021424003600003550       0001
 0904205661003600017640       0001
 0904092416003600003350       0001
 0904098128003600041460       0001
 0904098116003600006330       0001
 0904326340003600022350       0001
 0904326360003600007610       0001
 0904326216003600010710       0001
 0904033660003600012790       0001
 0904033640003600053250       0001
 0904265308003600011270       0001
 0904774360003600016440       0001
 0904774340003600073600       0001
 0904284503003600003770       0001
 0904247016003600014000       0001
 0904246216003600012780       0001
 0904246860003600020000       0001
 0904247116003600023250       0001
 0904246316003600024260       0001
 0904166420003600001550       0001
 0904067761003600004570       0001
 0904759161003600003000       0001
 0904213780003600008940       0001
 0904098950003600002850       0001
 0904146516003600004000       0001
 0904077036003600002690       0001
 0904007860003600002400       0001
 0904266336003600002020       0001
 0904266436003600002020       0001
 0904190705003600003640       0001
 0904257960003600004880       0001
 0904775960003600011700       0001
 0904183040003600029850       0001
 0904173460003600028270       0001
 0904234160003600004490       0001
 0904208380003600006830       0001
 0904208980003600010740       0001
 0904267460003600005470       0001
 0904075631003600004500       0001
 0904035861003600023140       0001
 0904037916003600008460       0001
 0904209560003600004170       0001
 0904209680003600048350       0001
 0904063680003600029750       0001
 0904063661003600004950       0001
 0904272060003600010750       0001
 0904272046003600004390       0001
 0904268760003600002120       0001
 0904291280003600039360       0001
 0904291260003600004400       0001
 0904291416003600011350       0001
 0904761760003600033630       0001
 0904761740003600151000       0001
 0904202060003600001580       0001
 0904198360003600001890       0001
 0904238460003600002290       0001
 0904357160003600053850       0001
 0904357140003600225000       0001
 0904357161003600054000       0001
 0904287860003600009580       0001
 0904287960003600011960       0001
 0904781360003600013950       0001
 0904781460003600015080       0001
 0904240140003600067500       0001
 0904145360003600005340       0001
 0904145340003600015650       0001
 0904145361003600017650       0001
 0904269460003600018780       0001
 0904000514003600001920       0001
 0904029652003600002450       0001
 0904000414003600001350       0001
 0904762260003600008250       0001
 0904762270003600019250       0001
 0904000314003600002180       0001
 0904000214003600001340       0001
 0904101130003600006350       0001
 0904101016003600004520       0001
 0904100416003600004230       0001
 0904780260003600040500       0001
 0904062960003600002930       0001
 0904227260003600002750       0001
 0904282180003600131170       0001
 0904282161003600023750       0001
 0904766069003600025000       0001
 0904268360003600002850       0001
 rox-cal860003600002600       0001
 0904056060003600023020       0001
 0904234440003600058300       0001
 0904041180003600023060       0001
 0904041160003600002750       0001
 0904041161003600010040       0001
 0904041261003600014640       0001
 0904041460003600005250       0001
 0904041461003600018750       0001
 0904042160003600045820       0001
 0904042260003600053890       0001
 0904424616003600004600       0001
 0904777770003600019150       0001
 0904786170003600056200       0001
 0904768960003600034610       0001
 0904768970003600069220       0001
 0904786160003600034610       0001
 0904166616003600022950       0001
 0904219880003600025850       0001
 0904219980003600041270       0001
 0904765016003600011950       0001
 0904166960003600009010       0001
 0904166970003600020760       0001
 0904119860003600006850       0001
 0904119840003600032450       0001
 0904772614003600002040       0001
 0904323514003600001750       0001
 0904070300003600001950       0001
 0904112730003600002430       0001
 0904125360003600007910       0001
 0904125340003600027000       0001
 0904125040003600027000       0001
 0904125460003600007750       0001
 0904125440003600036610       0001
 0904125160003600007750       0001
 0904125140003600036610       0001
 0904125161003600018000       0001
 0904125061003600014000       0001
 0904272454003600002990       0001
 0904272660003600008450       0001
 0904272560003600012480       0001
 0904272561003600024660       0001
 0904177021003600001610       0001
 0904034380003600030610       0001
 0904118660003600007020       0001
 0904118760003600014350       0001
 0904337860003600047250       0001
 0904337840003600150000       0001
 0904337960003600050000       0001
 0904337940003600200000       0001
 0904053060003600001810       0001
 0904144416003600002630       0001
 0904077460003600007690       0001
 0904053820003600003990       0001
 0904430309003600001950       0001
 0904429909003600001620       0001
 0904033120003600001130       0001
 0904033020003600001170       0001
 0904404451003600002290       0001
 0904399160003600022000       0001
 0904399140003600055000       0001
 0904399161003600045000       0001
 0904399060003600015000       0001
 0904399040003600038620       0001
 0904399061003600025000       0001
 0904088444003600006800       0001
 0904032240003600044680       0001
 0904032260003600010260       0001
 0904270530003600001600       0001
 0904328680003600039500       0001
 0904328660003600005150       0001
 0904210160003600022000       0001
 0904210316003600028760       0001
 0904031535003600001940       0001
 0904292460003600017250       0001
 0904292440003600045000       0001
 0904292461003600028500       0001
 0904772360003600077250       0001
 0904292080003600079500       0001
 0904292060003600013460       0001
 0904292040003600032250       0001
 0904292061003600021750       0001
 0904418160003600002570       0001
 0904052361003600004930       0001
 0904029160003600004650       0001
 0904260822003600001470       0001
 0904054480003600012450       0001
 0904051860003600002120       0001
 0904424960003600002480       0001
 0904027472003600009350       0001
 0904275260003600005120       0001
 0904184322003600001890       0001
 0904030361003600004970       0001
 0904430535003600001250       0001
 0904325580003600055000       0001
 0904325560003600006250       0001
 0904275802003600001150       0001
 0045025501014610033750       0001
 0045025549008500033750       0001
 0045009569000640062500       0001
 0045034260000120052000       0001
 0045034360000240082950       0001
 5595048040002400007300       0001
 5595348070002400003000       0001
 5595313040002400001750       0001
 5595313038002400001750       0001
 5595372470002400021000       0001
 5595372480002400038500       0001
 5595372440002400005600       0001
 5595371601002400011500       0001
 5595371670002400038000       0001
 5595371640002400009200       0001
 5595371633002400005500       0001
 5595314947002400001750       0001
 5595314938002400001350       0001
 5595314940002400001450       0001
 5595313047002400002350       0001
 5595340140002400007000       0001
 5595303980002400036000       0001
 5595303940002400004100       0001
 5595384040002400007550       0001
 5595384001002400001750       0001
 5595384070002400035000       0001
 5595311440002400013250       0001
 5595311401002400016850       0001
 5595311470002400060000       0001
 5595310653002400003500       0001
 5595309240002400002600       0001
 5595309253002400005000       0001
 5595318180002400260000       0001
 5595318140002400029800       0001
 5595318170002400139000       0001
 5595319280002400280000       0001
 5595319240002400030500       0001
 5595319270002400142000       0001
 5595320480002400385000       0001
 5595320440006000052000       0001
 5595320470002400242000       0001
 5595323580002400800000       0001
 5595323540002400089000       0001
 5595323570002400420000       0001
 5595338240002400009300       0001
 5595343940002400003750       0001
 5595342080002400023500       0001
 5595343970002400015000       0001
 5595302040002400017500       0001
 5595302070002400081000       0001
 5595347140002400004750       0001
 5595316480002400040000       0001
 5595349840002400010000       0001
 5595372780002400072000       0001
 5595372740002400008000       0001
 5595373480002400105300       0001
 5595373440002400011700       0001
 5595351740002400008000       0001
 5595351780002400072500       0001
 5595351770002400036000       0001
 5595353180002400085000       0001
 5595353140002400010000       0001
 5595353170002400045000       0001
 5595353141002400017200       0001
 5595351880002400086000       0001
 5595351840002400010250       0001
 5595351870002400045500       0001
 5595352080002400112000       0001
 5595352040002400012250       0001
 5595352070002400056000       0001
 5595353380002400130000       0001
 5595353340002400015450       0001
 5595353370002400069000       0001
 5595309370002400122000       0001
 5595308870002400083000       0001
 5595361740002400008000       0001
 5595364080002400085000       0001
 5595364040002400010200       0001
 5595364070002400046000       0001
 5595381580002400153500       0001
 5595381540002400017000       0001
 5595381570002400082000       0001
 5595381740002400054000       0001
 0169183511000960013500       0001
 0169183411000960013500       0001
 0169183311000720013500       0001
 0071053023000960066000       0001
 0071053223001150066000       0001
 0071053523001200066000       0001
 0071052723000630064500       0001
 0071052524000120058900       0001
 0071021424000120029000       0001
 0071022124000130034000       0001
 0071036224000360017500       0001
 0071073720000360058000       0001
 0071027024000120032450       0001
 0071020524001620060000       0001
 0071020724012090074000       0001
 0013113691003000016200       0001
 0013116683003000318000       0001
 0013114694003000033350       0001
 0013115679003000080000       0001
 0013108691003000015750       0001
 0013111683003000235000       0001
 0013109694003000033000       0001
 0013110679003000076000       0001
 0013104694001440024000       0001
 0013103691001440011000       0001
 0013560693012000045000       0001
 0013563670012000016000       0001
 0013561693012000067000       0001
 0013562693012000009450       0001
 0013745686002000008250       0001
 0013746686002000016500       0001
 3982105505004800018800       0001
 0034050050000020240020       0001
 0021142050000040007430       0001
 0049043305036000029010       0001
 0075025200008720089750       0001
 0032030099000740300000       0001
 0075010000001580017500       0001
 0075112500000720020500       0001
 0075005700000310013250       0001
 0075107500000070014850       0001
 0075020000000120025250       0001
 0075030000000240031250       0001
 0075020099000720269800       0001
 0054812025000090008450       0001
 0054340844032140008000       0001
 0054340840000360003500       0001
 0054452731004170035000       0001
 0054252731012180035000       0001
 0054473025012200003950       0001
 0054474125000120002250       0001
 0054472825012000002400       0001
 0087071401000060007890       0001
 5409206501000720065000       0001
 0087071501000050009630       0001
 5409543660000240077000       0001
 0536370098005000004000       0001
 0536370096005000001100       0001
 0536301410005000016000       0001
 0536301401005000002400       0001
 0536301435005000001000       0001
 0536211070005000003200       0001
 0536210272005000002100       0001
 0536718001010000002350       0001
 0536718101005000002450       0001
 0536267573005000009220       0001
 0536300801005000003950       0001
 0536300805005000015100       0001
 0536300901005000007500       0001
 0536300905005000029000       0001
 0536041585005000011000       0001
 0536301601005000003800       0001
 0536301301005000003000       0001
 0536641001005000001250       0001
 0536346701005000003000       0001
 0536346710005000004500       0001
 0536346735005000001050       0001
 0536301501005000002250       0001
 0536037097005000001700       0001
 0536051097005000001450       0001
 0536051085005000004200       0001
 0536302110005000021000       0001
 0536302101005000004500       0001
 0536302135005000001400       0001
 0536301734005000001200       0001
 0536302710005000022000       0001
 0536302701005000002800       0001
 0536302801005000006500       0001
 0536302810005000049500       0001
 0536302805005000026000       0001
 0536001583005000002400       0001
 0536002583005000001900       0001
 0536303501005000001850       0001
 0536266585005000036000       0001
 0536309001005000014000       0001
 0536569901005000008900       0001
 0536304610005000011750       0001
 0536306001005000002850       0001
 0536020259005000006500       0001
 0536307501005000003970       0001
 0536307505005000015750       0001
 0536307101005000001150       0001
 0536307110005000008500       0001
 0536307210005000009250       0001
 0536307310005000015000       0001
 0536307301005000002250       0001
 0536307305005000008050       0001
 0536307401005000002950       0001
 0536307405005000012000       0001
 0536300607005000041000       0001
 0536300301005000031250       0001
 0536300401005000053250       0001
 0536300501005000088000       0001
 0536007001005000007000       0001
 0536007005005000027000       0001
 0536008002005000030000       0001
 0536008005005000055000       0001
 0536008006005000007000       0001
 0536010574005000003000       0001
 0536010581005000002400       0001
 0536009082005000001550       0001
 0536009081005000001400       0001
 0536002082005000001350       0001
 0536002084005000002060       0001
 0536003082005000001960       0001
 0536003084005000003110       0001
 0536001010005000054000       0001
 0536001001005000006400       0001
 0536001005005000026710       0001
 0536001601005000011350       0001
 0536001605005000049000       0001
 0536391257005000001820       0001
 0536142057005000002540       0001
 0536405070010000004850       0001
 0536407170005000004500       0001
 0536558806005000003160       0001
 0536558908005000008100       0001
 0536125512005000004110       0001
 0536132012005000004570       0001
 0536322210005000013160       0001
 0536322201005000002600       0001
 0536323001005000003360       0001
 0536323010005000023500       0001
 0536321810005000017560       0001
 0536321801005000002750       0001
 0536323110005000019000       0001
 0536323101005000323110       0001
 0536321806005000001800       0001
 0536126001005000037370       0001
 0536126012005000004680       0001
 0536323307005000001440       0001
 0536323407005000001300       0001
 0536012297005000002050       0001
 0536012285005000004840       0001
 0536322101005000002950       0001
 0536012372005000001790       0001
 0536655091005000025150       0001
 0536623072005000002600       0001
 0536197072005000002500       0001
 0536327801005000002200       0001
 0536331801005000001700       0001
 0536331310005000012140       0001
 0536331810005000010620       0001
 0536331101005000002250       0001
 0536330010005000010000       0001
 0536330510005000009720       0001
 0536330501005000001720       0001
 0536332610005000019450       0001
 0536332601005000002470       0001
 0536332001005000007830       0001
 0536332101005000008200       0001
 0536135012005000001430       0001
 0536124012005000001250       0001
 0536333301005000083000       0001
 0536333101005000021000       0001
 0536332501005000006920       0001
 0536332505005000032510       0001
 0536333010005000060160       0001
 0536620308005000002160       0001
 0536410098005000011400       0001
 0536410098005000001650       0001
 0536410098005000001360       0001
 0536496001005000022500       0001
 0536495905005000050000       0001
 0536495901005000011250       0001
 0536571201005000001900       0001
 0536335301005000003760       0001
 0536335708010000003150       0001
 0536409256005000002270       0001
 0536408956005000002160       0001
 0536556601005000041000       0001
 0536031595005000002050       0001
 0536031595005000001700       0001
 0536337110005000026200       0001
 0536337101005000003180       0001
 0536337201005000003750       0001
 0536337205005000014000       0001
 0536503860005000008140       0001
 0536503020005000003080       0001
 0536503026005000005600       0001
 0536503420005000003190       0001
 0536431020005000002400       0001
 0536431026005000004200       0001
 0536433061005000006560       0001
 0536336510005000011960       0001
 0536336910005000020000       0001
 0536336601005000004730       0001
 0536135501005000008280       0001
 0536135512005000002080       0001
 0536338110005000013950       0001
 0536338101005000003000       0001
 0536338104005000001850       0001
 0536230259005000002070       0001
 0536422098005000003340       0001
 0536510001005000001100       0001
 0536572002005000005640       0001
 0536444801005000023510       0001
 0536444901005000021610       0001
 0536039097005000001590       0001
 0536039090005000015810       0001
 0536039085005000003400       0001
 0536337935005000001630       0001
 0536028585005000006500       0001
 0536339710005000032850       0001
 0536344980005000002480       0001
 0536474297005000002050       0001
 0536037758005000001660       0001
 0536033285005000002300       0001
 0536033297005000001100       0001
 0536343201005000001620       0001
 0536342608005000240000       0001
 0536342408005000002400       0001
 0536341410005000008400       0001
 0536688908005000002190       0001
 0536341710005000014950       0001
 0536341610005000009860       0001
 0536342210005000010410       0001
 0536342201005000001670       0001
 0536341810005000006760       0001
 0536343010005000009680       0001
 0536343002005000003210       0001
 0536341101005000011250       0001
 0536341501005000011000       0001
 0536045475005000002950       0001
 0536445201005000010980       0001
 0536445301005000018500       0001
 0536343501005000005700       0001
05369342901005000051350       0001
 0536343510005000041850       0001
 0536343505005000023500       0001
 0536342905005000205670       0001
 0536344001005000002520       0001
 0536034185005000008030       0001
 0536012005005000044000       0001
 0536013001005000020000       0001
 0536013005005000086000       0001
 0536011684005000005560       0001
 0536011882005000004750       0001
 0536011884005000008400       0001
 0536011682005000003190       0001
 0536012005005000053100       0001
 0536018001005000024000       0001
 0536018005005000115000       0001
 0536018501005000044000       0001
 0536344238005000004400       0001
 0536344308005000002200       0001
 0536344508005000002400       0001
 0536344901005000002840       0001
 0536348601005000002660       0001
 0536014001005000023270       0001
 0536342001005000012250       0001
 0536346010005000031820       0001
 0536346110005000051930       0001
 0536346001005000003460       0001
 0536491610005000006250       0001
 0536491601005000006250       0001
 0536491810005000064930       0001
 0536490610005000029040       0001
 0536490601005000004230       0001
 0536491510005000034460       0001
 0536491501005000004520       0001
 0536346201005000001700       0001
 0536346205005000006190       0001
 0536346510005000017920       0001
 0536346501005000002930       0001
 0536346505005000009850       0001
 0536346901005000004640       0001
 0536348510005000021330       0001
 0536348501005000003120       0001
 0536564401005000003610       0001
 0536344401005000009500       0001
 0536344405005000042000       0001
 0536347001005000034000       0001
 0536345201005000022380       0001
 0536345301005000023750       0001
 0536070070005000016950       0001
 0536513070005000015750       0001
 0536566101005000034250       0001
 0536566201005000037000       0001
 0536566301005000061000       0001
 0536566305005000290000       0001
 0536566407005000032500       0001
 0536297585005000120000       0001
 0536322408005000003000       0001
 0536015501005000064500       0001
 0536349001005000003250       0001
 0536346601005000013630       0001
 0536310907005000098000       0001
 0536353501005000024000       0001
 0536562105005000007730       0001
 0536562201005000002000       0001
 0536562205005000007000       0001
 0536562301005000002250       0001
 0536353301005000013600       0001
 0536299026005000008900       0001
 0536111082005000003860       0001
 0536112084005000005910       0001
 0536351335005000001670       0001
 0536351306005000003020       0001
 0536349307005000001140       0001
 0536349410005000011250       0001
 0536901438005000005250       0001
 0536376906005000002160       0001
 0536497910005000023700       0001
 0536999512005000002100       0001
 0536351910005000016000       0001
 0536351901005000003000       0001
 0536351810005000017600       0001
 0536353101005000008130       0001
 0536352901005000010750       0001
 0536484001005000020000       0001
 0536484005005000085000       0001
 0536484010005000155000       0001
 0536351510005000010700       0001
 0536351501005000001870       0001
 0536351505005000005850       0001
 0536193085005000005410       0001
 0536354710005000013250       0001
 0536354701005000002000       0001
 0536354714005000005790       0001
 0536354601005000002120       0001
 0536377506005000002060       0001
 0536932059005000002130       0001
 0536488101005000011360       0001
 0536488105005000042000       0001
 0536488205005000090000       0001
 0536488301005000028430       0001
 0536477505005000050000       0001
 0536477501005000011000       0001
 0536750220005000005520       0001
 0536750225005000021480       0001
 0536422820005000005820       0001
 0536422825005000014180       0001
 0536422920005000007250       0001
 0536422925005000016500       0001
 0536416365005000014130       0001
 0536415165005000002300       0001
 0536358201005000003330       0001
 0536358006005000008850       0001
 0536045259005000007730       0001
 0536647591005000030600       0001
 0536415175005000007600       0001
 0536357801005000025500       0001
 0536359001005000035620       0001
 0536062197005000003090       0001
 0536933097005000002290       0001
 0536424295005000001410       0001
 0536370610005000007230       0001
 0536119001005000039830       0001
 0536336701020000012550       0001
 0536336710005000118000       0001
 0536337701020000017850       0001
 0536337710005000130000       0001
 0536556308005000035800       0001
 0536310401005000022000       0001
 0536310201005000011900       0001
 0536310101005000007000       0001
 0536310121005000024500       0001
 0536310221005000035000       0001
 0536310105005000031000       0001
 0536310205005000046000       0001
 0536310301005000018000       0001
 0536374501005000003440       0001
 0536061085005000003500       0001
 0536059085005000006800       0001
 0536060085005000003450       0001
 0536523095005000003020       0001
 0536359701005000003340       0001
 0536359401005000001640       0001
 0536359435005000001660       0001
 0536359735005000001660       0001
 0536047047005000001320       0001
 0536077097005000001790       0001
 0536077090005000016920       0001
 0536077085005000003670       0001
 0536063297005000001460       0001
 0536375810005000010950       0001
 0536375801005000001820       0001
 0536376210005000014830       0001
 0536446070005000006470       0001
 0536357010005000015200       0001
 0536357001005000002320       0001
 0536361901005000003380       0001
 0536361905005000012880       0001
 0536362010005000032150       0001
 0536362001005000005110       0001
 0536362005005000017260       0001
 0536361910005000021850       0001
 0536359501005000009650       0001
 0536359505005000039570       0001
 0536359601005000011880       0001
 0536376701005000004000       0001
 0536375501010000004850       0001
 0536375505005000021000       0001
 0536375710005000023530       0001
 0536375701005000004930       0001
 0536375510005000043000       0001
 0536375610005000017350       0001
 0536376510005000018900       0001
 0536600001005000001170       0001
 0536456610005000096400       0001
 0536456601005000010000       0001
 0536456310005000028250       0001
 0536456301005000004180       0001
 0536373801005000028460       0001
 0536456410005000034000       0001
 0536456401005000004260       0001
 0536456510005000051240       0001
 0536456501005000005920       0001
 0536373701005000008240       0001
 0536373705005000045400       0001
 0536068597005000008870       0001
 0536023032005000018180       0001
 0536034032005000017920       0001
 0536034006005000004700       0001
 0536023005005000042000       0001
 0536896059005000002400       0001
 0536896085005000003680       0001
 0539069085005000009970       0001
 0536844070005000001350       0001
 0536300094005000001300       0001
 0536380111005000036570       0001
 0536029296005000002650       0001
 0536036801005000013750       0001
 0536036805005000073270       0001
 0536033585005000014790       0001
 0536032201005000013970       0001
 0536685170005000005990       0001
 0536174170005000009050       0001
 0536560270005000007600       0001
 0536090197005000002420       0001
 0536381301005000018620       0001
 0536381305005000094000       0001
 0536071080005000002900       0001
 0536380401005000005750       0001
 0536374910005000031790       0001
 0536374901005000004820       0001
 0536382501005000004800       0001
 0536382210005000010860       0001
 0536382410005000017890       0001
 0536382401005000002300       0001
 0536383610005000020930       0001
 0536383601005000003220       0001
 0536385510005000013250       0001
 0536385501005000002100       0001
 0536589010005000011360       0001
 0536589001005000001920       0001
 0536065085005000003150       0001
 0536430608005000003800       0001
 0536430605005000024360       0001
 0436072073005000002700       0001
 0536072061005000005340       0001
 0536750125005000027000       0001
 0536435031005000016570       0001
 0536435020005000003850       0001
 0536435028005000005930       0001
 0536435025005000008450       0001
 0536078125005000016710       0001
 0536078061005000014860       0001
 0536382601005000085000       0001
 0536380801005000048000       0001
 0536380501005000019880       0001
 0536380601005000028050       0001
 0536380701005000036000       0001
 0536440125005000004180       0001
 0536446220005000002940       0001
 0536443120005000001070       0001
 0536443125005000002530       0001
 0536440120005000001600       0001
 0536446225005000005800       0001
 0536384510005000007300       0001
 0536384401005000001190       0001
 0536384301005000001360       0001
 0536384010005000008000       0001
 0536384001005000001520       0001
 0536384005005000005240       0001
 0536384110005000010250       0001
 0536383501005000004350       0001
 0536383505005000019260       0001
 0536618101005000001640       0001
 0536619001005000001200       0001
 0536555405005000210000       0001
 0536555408005000025500       0001
 0536447020010000001920       0001
 0536447028010000003530       0001
 0536448028010000003000       0001
 0536469073010000005700       0001
 0536469067010000002510       0001
 0536092572010000003860       0001
 0536092565005000003600       0001
 0536385610010000095830       0001
 0536385601010000010650       0001
 0536385710010000038000       0001
 0536385701010000004500       0001
 0536385705010000020240       0001
 0536386537010000001960       0001
 0536135912010000000980       0001
 0536030201010000002720       0001
 0536030204010000001100       0001
 0536136112010000000890       0001
 0536031104010000001060       0001
 0536137197010000008890       0001
 0536082597010000001510       0001
 0536444701010000016750       0001
 0536097097010000001760       0001
 0536239585010000009840       0001
 0536594011005000002650       0001
 0536445901010000005200       0001
 0536387101003600004250       0001
 0536387110005000031240       0001
 0536386901010000002960       0001
 0536386905010000010960       0001
 0536388001010000006000       0001
 0536388005010000036120       0001
 0536387701010000003540       0001
 0536387705010000012510       0001
 0536387801010000003720       0001
 0536387805010000013990       0001
 0536387901010000004480       0001
 0536387905010000016730       0001
 0536101197010000014000       0001
 0536140212005000001750       0001
 0536140601005000032000       0001
 0536140612005000003100       0001
 0536140601005000032000       0001
 0536138912005000001940       0001
 0536492570005000009620       0001
 0536495065010000009000       0001
 0536598501010000003250       0001
 0536389101010000003490       0001
 0536389001005000001290       0001
 0536386210010000009690       0001
 0536386310010000013950       0001
 0536388501010000007270       0001
 0536388601005000012160       0001
 0536831097010000003570       0001
 0536831095010000001270       0001
 0536833096010000001890       0001
 0536835095010000001410       0001
 0536050198010000018000       0001
 0536050195010000001650       0001
 0536050199010000001610       0001
 0536050197010000003050       0001
 0536051595010000001690       0001
 0536061199005000003530       0001
 0536391301010000005680       0001
 0536510897005000004020       0001
 0536510597005000004550       0001
 0536062099010000003140       0001
 0536390601010000018180       0001
 0536456805005000013000       0001
 0536456710005000015510       0001
 0536456701005000002350       0001
 0536456810005000024000       0001
 0536456801005000003350       0001
 0536456901005000004890       0001
 0536506070005000003130       0001
 0536389310010000065920       0001
 0536389301010000007820       0001
 0536389305010000035470       0001
 0536389410005000070230       0001
 0536169565010000008400       0001
 0536505070005000003750       0001
 0536456910005000030220       0001
 0536559201005000033000       0001
 0536268072010000005600       0001
 0536391801010000008930       0001
 0536010090010000039280       0001
 0536392010005000009100       0001
 0536460405010000011400       0001
 0536460401010000003720       0001
 0536460505005000015750       0001
 0536460501005000004050       0001
 0536460601010000006160       0001
 0536460605005000021750       0001
 0536461095010000001250       0001
 0536460095010000001500       0001
 0536460098005000006270       0001
 0536392910005000011290       0001
 0536393001010000002020       0001
 0536393110010000021270       0001
 0536393101010000002500       0001
 0536398110010000021560       0001
 0536398101010000004170       0001
 0536398105010000015880       0001
 0536398201010000005500       0001
 0536398205010000022370       0001
 0536493908010000038000       0001
 0536493901005000050000       0001
 0536398401005000004700       0001
 0536413701005000009600       0001
 0536393205005000056000       0001
 0536393201005000009600       0001
 0536556701005000004500       0001
 0536556705005000024140       0001
 0536394810005000018520       0001
 0536394101010000004890       0001
 0536394110005000040000       0001
 0536394310005000007890       0001
 0536394301010000001790       0001
 0539392710010000009520       0001
 0536392701010000002400       0001
 0536393810010000015290       0001
 0536393801010000002350       0001
 0536429601010000005850       0001
 0536396710010000007130       0001
 0536396701010000001690       0001
 0536429610005000047450       0001
 0536393501010000003300       0001
 0536393610005000032000       0001
 0536393601010000004660       0001
 0536393605005000017820       0001
 0536243159010000001630       0001
 0536670501005000002010       0001
 0536231697005000002410       0001
 0536556401005000055000       0001
 0536556501005000060530       0001
 0536556505005000309000       0001
 0536230375005000001770       0001
 0536231097005000001890       0001
 0536673101005000002000       0001
 0536781106005000004020       0001
 0536141859005000007650       0001
 0536141886005000021850       0001
 0536295095010000001070       0001
 0536295098005000004690       0001
 0536296098010000005230       0001
 0536470098005000004460       0001
 0536470095005000000980       0001
 0536375108005000002280       0001
 0536395507005000001490       0001
 0536588005005000008970       0001
 0536588001010000002170       0001
 0536414904010000445000       0001
 0536414807005000069000       0001
 0536568410010000019520       0001
 0536568510010000020970       0001
 0536568610005000023000       0001
 0536550610005000020000       0001
 0536438010005000028600       0001
 0536438110005000028340       0001
 0536145080005000002500       0001
 0536133182010000002300       0001
 0536398770005000009700       0001
 0536126296010000001750       0001
 0536126290010000059150       0001
 0536126285010000009500       0001
 0536127096010000001930       0001
 0536127090005000069850       0001
 0536397501010000018570       0001
 0536390808010000003260       0001
 0536390708010000003190       0001
 0536390908010000002420       0001
 0536737910005000042520       0001
 0536373901010000004390       0001
 0536373905010000018500       0001
 0536397405010000110000       0001
 0536397401005000023750       0001
 0536128083005000002090       0001
 0536128583005000002110       0001
 0536483401005000043930       0001
 0536483501010000069580       0001
 0536483601010000090080       0001
 0536399401005000004940       0001
 0536499205005000011860       0001
 0536499101010000002090       0001
 0536499105005000009880       0001
 0536668001010000001890       0001
 0536390201010000015550       0001
 0536390301010000024160       0001
 0536398510005000020190       0001
 0536398501010000002480       0001
 0536399001005000002680       0001
 0536399502010000019000       0001
 0536399506010000005500       0001
 0536482101010000033000       0001
 0536482201005000053000       0001
 0536482202005000133000       0001
 0536430301010000002850       0001
 0536430306010000001920       0001
 0536393901010000003100       0001
 0536393906005000002050       0001
 0536528160010000005200       0001
 0536146285010000009000       0001
 0536443701010000007990       0001
 0536443801010000010290       0001
 0536402401010000014150       0001
 0536402210010000083790       0001
 0536502410005000139250       0001
 0536502201005000009250       0001
 0536533170005000004590       0001
 0536402801010000013550       0001
 0536402601010000004600       0001
 0536402710010000057480       0001
 0536402705010000027510       0001
 0536399836010000084000       0001
 0536399801005000210000       0001
 0536402501010000004390       0001
 0536402510005000030000       0001
 0536565101005000011220       0001
 0536565201005000012760       0001
 0536568110005000045000       0001
 0536465301005000026000       0001
 0536565401005000028000       0001
 0536468001010000006800       0001
 0536568101010000007020       0001
 0536568201010000013070       0001
 0536468205010000055040       0001
 0536403644005000008000       0001
 0536403805005000069820       0001
 0536403801005000014000       0001
 0536404210010000009750       0001
 0536404201010000002350       0001
 0536404205010000009340       0001
 0536460510005000303000       0001
 0536560501005000032000       0001
 0536460410005000198220       0001
 0536460401005000020870       0001
 0536403201010000003780       0001
 0536403202010000008700       0001
 0536403205010000014250       0001
 0536403301010000006600       0001
 0536403302010000012540       0001
 0536247083005000001770       0001
 0536247085010000002000       0001
 0536247090010000009990       0001
 0536139206005000051000       0001
 0536138201005000053000       0001
 0536404301010000020000       0001
 0536404501010000011250       0001
 0536897059005000001680       0001
 0536406001010000003400       0001
 0536406010005000022300       0001
 0536404610005000010900       0001
 0536170272010000003600       0001
 0536461201005000009750       0001
 0536561301005000013000       0001
 0536561305005000062000       0001
 0536561401005000015000       0001
 0536561405005000072500       0001
 0536560601005000016000       0001
 0536560505005000075000       0001
 0536560701005000025000       0001
 0536560705005000120000       0001
 0536623572010000002150       0001
 0536406401010000012400       0001
 0536190565010000004800       0001
 0536480595010000001400       0001
 0536407610010000010830       0001
 0536407601010000001290       0001
 0536407301005000003610       0001
 0536407410005000030830       0001
 0536407401005000004950       0001
 0536407510005000034100       0001
 0536407701010000006040       0001
 0536407810010000012500       0001
 0536703001010000003190       0001
 0536407010010000008770       0001
 0536407001010000001170       0001
 0536703301010000003900       0001
 0536406810010000007110       0001
 0536406801010000001210       0001
 0536406910005000012750       0001
 0536406901010000002020       0001
 0536406501010000014000       0001
 0536406503005000031000       0001
 0536406701005000020000       0001
 0536406703005000060000       0001
 0536561901005000071120       0001
 0536561801005000041000       0001
 0536408401005000003900       0001
 0536408301010000003070       0001
 0536409008005000004500       0001
 0536409807005000022750       0001
 0536411107005000027900       0001
 0536500572010000001900       0001
 0536500575010000002380       0001
 0536409401010000013640       0001
 0536583020010000001410       0001
 0536483028010000002120       0001
 0536478120010000001410       0001
 0536478128010000001920       0001
 0536122085005000016350       0001
 0536122061010000002750       0001
 0536116001005000034450       0001
 0536477701005000012000       0001
 0536410708005000002210       0001
 0536410602010000007250       0001
 0536410608010000002200       0001
 0536781708005000002550       0001
 0536410310010000011780       0001
 0536410301010000001890       0001
 0536410302005000004670       0001
 0536671201010000003000       0001
 0536671501005000001650       0001
 0536650605005000004350       0001
 0536650601010000001550       0001
 0536412410010000038780       0001
 0536412401010000004760       0001
 0536412405005000020350       0001
 0536181059005000001840       0001
 0536307701010000005730       0001
 0536307705010000024770       0001
 0536308201010000007120       0001
 0536308205010000031740       0001
 0536307801010000006190       0001
 0536308301010000007970       0001
 0536308305010000034230       0001
 0536413401010000060000       0001
 0536413302005000099000       0001
 0536413101005000028000       0001
 0536413201005000038900       0001
 0536413301005000044000       0001
 0536500098005000002290       0001
 0536415401005000003260       0001
 0536415410010000016870       0001
 0536432101010000002750       0001
 0536432135005000001540       0001
 0536441001010000012040       0001
 0536441005010000046060       0001
 0536423401005000027500       0001
 0536529010010000005630       0001
 0536250096005000004550       0001
 0536252196005000006630       0001
 0536256196005000007100       0001
 0536250072005000003010       0001
 0536252172010000003950       0001
 0536256172010000004360       0001
 0536249572010000002270       0001
 0536258072010000007720       0001
 0536421401005000052550       0001
 0536424301005000036010       0001
 0536555905005000120000       0001
 0536555801005000022500       0001
 0536555901005000024000       0001
 0536430401005000002530       0001
 0536845080005000003020       0001
 0536858080005000003490       0001
 0536856080010000003180       0001
 0536858080010000003180       0001
 0536430801010000003500       0001
 0536431210005000024000       0001
 0536431201005000003100       0001
 0536430710005000024000       0001
 0536430701005000003100       0001
 0536432210005000057250       0001
 0536431101005000007500       0001
 0536377702005000039250       0001
 0536381507005000011250       0001
 0536377707005000005610       0001
 0536431710005000012320       0001
 0536377307010000003340       0001
 0536432201010000006910       0001
 0536169085010000001960       0001
 0536171085010000003760       0001
 0536481095010000001690       0001
 0536182585010000003580       0001
 0536484502010000010350       0001
 0536484602010000013520       0001
 0536481502005000022500       0001
 0536263565010000003910       0001
 0536640575005000010150       0001
 0536432610005000046250       0001
 0536432601010000004780       0001
 0536432410010000011690       0001
 0536432510005000029230       0001
 0536559301005000013200       0001
 0536433905005000027270       0001
 0536433901005000006000       0001
 0536437101005000006000       0001
 0536437201010000003350       0001
 0536437601010000003340       0001
 0536436601010000009340       0001
 0536557601005000010500       0001
 0536557605005000047100       0001
 0536435805005000075000       0001
 0536435801005000017000       0001
 0536215270010000006700       0001
 0536740070010000010130       0001
 0536845170010000005430       0001
 0536846070010000005950       0001
 0536178585010000002990       0001
 0536178597005000001190       0001
 0536437310005000215100       0001
 0536491301005000064810       0001
 0536491101005000053120       0001
 0536491201005000064350       0001
 0536433801010000014200       0001
 0536433805010000062090       0001
 0536440201010000008320       0001
 0536440205010000037690       0001
 0536440301010000012590       0001
 0536430910010000009530       0001
 0536430901010000001600       0001
 0536430905010000007400       0001
 0536431310010000012720       0001
 0536431301010000001550       0001
 0536431305010000008790       0001
 0536431410010000013330       0001
 0536431401010000002800       0001
 0536431405010000011920       0001
 0536431501010000003520       0001
 0536431601010000002870       0001
 0536431605010000010390       0001
 0536306198005000004810       0001
 0536439110010000027590       0001
 0536439135005000001450       0001
 0536439910010000023400       0001
 0536438810005000038620       0001
 0536438801010000005730       0001
 0536439210010000059730       0001
 0536439201010000007450       0001
 0536188596005000002410       0001
 0536443401010000013470       0001
 0536443402010000029460       0001
 0536443405010000056010       0001
 0536442901010000010850       0001
 0536442610010000068110       0001
 0536442601010000007810       0001
 0536442710005000070000       0001
 0536442701005000007800       0001
 0536443301005000007800       0001
 0536450201010000026030       0001
 0536444554005000003000       0001
 0536444589005000004370       0001
 0536444454005000003000       0001
 0536444489005000004000       0001
 0536445410010000027140       0001
 0536445810010000042650       0001
 0536449610005000009140       0001
 0536449701005000002180       0001
 0536199083005000002370       0001
 0536195078005000003090       0001
 0536195083005000001720       0001
 0536452201010000005600       0001
 0536452301010000006750       0001
 0536718601005000004000       0001
 0536196297005000002400       0001
 0536197297005000002420       0001
 0536198097005000002000       0001
 0536685201010000001620       0001
 0536452106005000004350       0001
 0536199559005000002370       0001
 0536452810010000015460       0001
 0536452801010000002650       0001
 0536667406005000002150       0001
 0536648537005000017540       0001
 0536641580005000004300       0001
 0536453408005000003010       0001
 0536222075005000004140       0001
 0536453301010000002750       0001
05363491742010000003630       0001
 0536250175005000002200       0001
 0536454010010000006800       0001
 0536198175010000003000       0001
 0536454810010000004850       0001
 0536454710010000005000       0001
 0536350272010000001750       0001
 0536352072005000004190       0001
 0536680101010000003250       0001
 0536375608005000002120       0001
 0536250770005000012870       0001
 0536005082010000007020       0001
 0536005084005000014320       0001
 0536005084005000013250       0001
 0536461701005000008500       0001
 0536461710005000070000       0001
 0536461705005000037000       0001
 0536005074005000009750       0001
 0536461501010000009880       0001
 0536461601010000016830       0001
 0536564501005000017050       0001
 0536564601005000027500       0001
 0536464605005000100000       0001
 0536517601005000003090       0001
 0536714111005000005910       0001
 0536594701010000006390       0001
 0536595101005000002330       0001
 0536991601005000013650       0001
 0536991501005000013650       0001
 0536462401010000004100       0001
 0536187010010000046210       0001
 0536094094005000001270       0001
 0536464801010000007900       0001
 0536465110005000068000       0001
 0536465210005000081500       0001
 0536465205005000047000       0001
 0536465301005000022600       0001
 0536465001010000006250       0001
 0536465101010000008900       0001
 0536465105010000039000       0001
 0536465201010000011350       0001
 0536474601005000007580       0001
 0536466711005000003090       0001
 0536466410010000021920       0001
 0536466138005000004330       0001
 0536466010005000021700       0001
 0536446038010000004100       0001
 0536464401010000009700       0001
 0536464110010000026010       0001
 0536464101010000003610       0001
 0536465401010000018640       0001
 0536464901010000019500       0001
 0536464201010000003500       0001
 0536464301010000005500       0001
  053622097010000010200       0001
 0536464405005000039000       0001
 0536464305005000030000       0001
 0536464210005000024000       0001
 0536464310005000039000       0001
 0536495101010000009580       0001
 0536495201010000011130       0001
 0536451601010000017000       0001
 0536451605010000075000       0001
 0536214097005000022000       0001
 0536495401005000024750       0001
 0536471010010000010950       0001
 0536471110005000015000       0001
 0536469410005000006410       0001
 0536470210005000008470       0001
 0536473801010000005110       0001
 0536473901010000008550       0001
 0536473905010000037790       0001
 0536474401010000017070       0001
 0536550905010000185000       0001
 0536468101010000063000       0001
 0536550901005000035000       0001
 0536513120005000001700       0001
 0536270694005000001270       0001
 0536687101010000002010       0001
 0536468801010000011240       0001
 0536468805010000064270       0001
 0536471501005000006750       0001
 0536471505005000028000       0001
 0536468901005000046500       0001
 0536468902005000099000       0001
 0536471502010000013750       0001
 0536219397010000002270       0001
 0536219575010000006090       0001
 0536218085010000005190       0001
 0536565501010000005040       0001
 0536565510005000026720       0001
 0536565505005000018730       0001
 0536219085010000005260       0001
 0536491031005000008920       0001
 0536491020010000001570       0001
 0536491098005000034890       0001
 0536491028010000002600       0001
 0536492020010000001900       0001
 0536492028010000003300       0001
 0536492025010000007400       0001
 0536220285005000030040       0001
 0536439401010000038860       0001
 0536220197010000023810       0001
 0536220185005000014000       0001
 0536472902010000025000       0001
 0536472901005000013500       0001
 0536852080010000003020       0001
 0536848080010000003490       0001
 0536493010005000092000       0001
 0536524520005000000990       0001
 0536524598010000005390       0001
 0536524530005000002100       0001
 0536520020005000002520       0001
 0536517020010000002490       0001
 0536522520005000001200       0001
 0536522598010000012970       0001
 5036522527005000051410       0001
 0536522530005000003000       0001
 0536518020005000001200       0001
 0536518030005000003100       0001
 0536518098010000011620       0001
 0536981065010000010500       0001
 0536236061010000005730       0001
 0536521093005000003250       0001
 0536518030005000003000       0001
 0536495601010000005000       0001
 0536495605005000017250       0001
 0536469305005000032500       0001
 0536172585005000005280       0001
 0536021119010000002900       0001
 0536022119010000004880       0001
 0536468601010000012780       0001
 0536468301010000023360       0001
 0536268297005000001770       0001
 0536268497005000001450       0001
 0536268697005000001540       0001
 0536110098005000011710       0001
 0536110095010000002150       0001
 0536110094005000001460       0001
 0536528069010000003230       0001
 0536230197010000002400       0001
 0536475011010000002500       0001
 0536475208010000003110       0001
 0536475710010000041900       0001
 0536239085005000035000       0001
 0536447701005000011030       0001
 0536493201010000009520       0001
 0536493505010000040000       0001
 0536567501005000061000       0001
 0536567401005000072000       0001
 0536567405005000308000       0001
 0536562401005000018000       0001
 0536493101010000004970       0001
 0536493102010000016450       0001
 0536493105010000030250       0001
 0536493110005000036850       0001
 0536475308005000003230       0001
 0536475508010000003290       0001
 0536238085010000005100       0001
 0536208170005000006900       0001
 0536355001005000001500       0001
 0536335070005000004860       0001
 0536527001005000003200       0001
 0536479901005000003700       0001
 0536204170010000001850       0001
 0536204175010000002500       0001
 0536208075010000003870       0001
 0536354201005000001310       0001
 0536355001005000001590       0001
 0536354001005000001090       0001
 0536354101005000001220       0001
 0536449901005000002680       0001
 0536449101005000001460       0001
 0536448901005000001910       0001
 0536335075010000005330       0001
 0536440901005000002000       0001
 0536440601010000001850       0001
 0536440801010000002090       0001
 0536329401005000004140       0001
 0536328201005000001360       0001
 0536328801005000001640       0001
 0536510497005000004510       0001
 0536016097005000002970       0001
 0536016085005000008660       0001
 0536329210005000017780       0001
 0536329201005000002500       0001
 0536329101005000003320       0001
 0536479801005000002230       0001
 0536527001005000003280       0001
 0536479901005000003910       0001
 0536801059005000001820       0001
 0536475808005000004320       0001
 0536477108005000004460       0001
 0536478701010000002460       0001
 0536468001010000002450       0001
 0536355601010000002900       0001
 0536355101010000002020       0001
 0536329210005000017200       0001
 0536480101010000007700       0001
 0536544801010000010540       0001
 0536853396005000003100       0001
 0536854006005000002100       0001
 0536762094005000001180       0001
 0536261075010000002020       0001
 0536569001010000003120       0001
 0536498901005000010000       0001
 0536718301005000002370       0001
 0536667101005000001720       0001
 0536570098005000004100       0001
 0536570095010000001200       0001
 0536570096010000001600       0001
 0536490510010000006520       0001
 0078000605002620044210       0001
 0281193435000600034820       0001
 0281111553002160022500       0001
 0281112453000240031000       0001
 0281218976000240004000       0001
 0013313117002760010270       0001
 0013320351006400008500       0001
 0013311351007200009000       0001
           003130006000       0001
 0013580458000600040000       0001
 0085020901006440029850       0001
 0085031502002400025950       0001
 5816085901200000014000       0001
 0029414901033540125000       0001
 0032120007002910073950       0001
 5726716530000360013570       0001
 0009030503002880088000       0001
 0009333101000010015000       0001
 0009034101000440022000       0001
 0009035204000070310000       0001
 0009344901004320054600       0001
 0009013101002280016000       0001
 0009075025013570007750       0001
 0009074203001000011200       0001
 0009074202001300044000       0001
 0009072501003670013250       0001
 0009072503000180042000       0001
 0009075002000240030000       0001
 0009377201009840040000       0001
 0009005002000720049500       0001
 0009011405000360041000       0001
 0245003530001040004200       0001
 0245004115002880036730       0001
 0245004111000600007860       0001
 0245004015002880033210       0001
 0615254213001000003740       0001
 0615351713001000011090       0001
 0615351813001000016420       0001
 0615255813001000006400       0001
 0615257213001000004830       0001
 0615068613001000003450       0001
 0615054713001000012000       0001
 0615352713001000004800       0001
 0615356213001000018350       0001
 0615150113001000023750       0001
 0615356313001000026500       0001
 0615351213001000018620       0001
 0615038913001000056000       0001
 0615163613001000007610       0001
 0615160113001000006270       0001
 0615069213001000004200       0001
 0615250713001000010050       0001
 0615034713001000025000       0001
 0615130413001000020000       0001
 0615130313001000013000       0001
 0615257913001000015000       0001
 0615257813001000010000       0001
 5047427322002520007580       0001
           000480113000       0001
 0024104101000030012000       0001
 0024104001000480024020       0001
 5900414080002400008750       0001
 5900416080002400011000       0001
 5900418080002400016500       0001
 0641221141002400010000       0001
 0641227741002400009220       0001
 0641011225002400033110       0001
 0641011425002400066220       0001
 0641229241002400011490       0001
 0641231125002400021820       0001
 0641142635000310015560       0001
 0641231225002400043490       0001
 0641038225002400015230       0001
 0641233143000040027770       0001
 0641039525002400019160       0001
 0641244345000720031500       0001
 0641244245000720029500       0001
 0641027703002400059420       0001
 0641052302000190042780       0001
 0641251841000560001500       0001
 0641236941000720021000       0001
 0641145133002400022350       0001
 0641252141002400019350       0001
 0641254041002400005000       0001
 0641254541002400004150       0001
 0008031543000480146670       0001
 0008031505000070009600       0001
 0008031526000110041270       0001
 0008031528000010022220       0001
 0008031508000720020000       0001
 0008031510000860033350       0001
 0008031506000720012000       0001
 0641048721000250004300       0001
 0031670978000720128000       0001
 0031670924000720300000       0001
 0031670972000720035000       0001
 0031670925000720037000       0001
 0031789083002400003070       0001
 0031789095002400019200       0001
 0641789006002400044200       0001
 0641789011002400011280       0001
 0641276543002400075000       0001
 0641153233000720030000       0001
 0641276443000720030000       0001
 0641276641000720019500       0001
 0008075128000050056670       0001
 1147800913004800009000       0001
 0381082010010870020950       0001
 0381077310010000023650       0001
 0381077410006000024350       0001
 0381077010016140012000       0001
 0381081010000630015250       0001
 0381081510009600013900       0001
 0381078010014110015500       0001